10000
991517
325795
794304
339005
443408
597045
414286
848250
733012
818490
57190
386054
308358
681648
222269
853264
249999
789295
484162
752542
916686
829697
822953
366868
933534
35774
745673
89566
369601
167476
383622
903607
416224
914472
88959
68197
371976
798489
633003
216684
25107
775157
100450
2271
100820
591700
437621
541456
912673
967637
450891
248217
411233
696363
455401
550404
108892
928509
247126
925690
272660
49735
989315
121524
669903
603773
349259
970735
138737
859664
557504
475590
18898
500948
246099
638542
509126
619099
782281
902228
482967
416245
53618
272486
282036
992183
447861
645545
322485
205069
911096
259228
736514
183155
485410
581662
680228
560557
900157
682518
967631
652044
81565
334019
271795
465639
5093
543769
990556
733769
674689
904704
860931
124233
982004
967196
735705
808654
578694
226013
958303
369137
208454
640047
794727
626072
2944
619064
655935
896086
712127
769077
71118
568691
493705
485483
388444
730726
313478
781160
383834
515939
259275
310424
219390
459905
128959
988469
962633
466936
443557
481843
871396
678807
511904
609888
57880
805380
644489
459204
264447
402202
380559
541644
902372
390979
791809
12133
185212
754509
319723
16162
673042
752047
698905
214260
336385
535829
988407
237407
403612
768183
603686
724170
447707
222712
944922
406787
342465
512436
757453
377714
355482
304394
630987
261443
192435
771825
739960
660672
521197
855385
723294
409137
845235
625400
100002
315233
980628
721333
282169
622409
900562
57938
495659
28999
968752
880573
315727
945103
866184
624040
640337
714532
574432
267909
231940
671652
477666
599720
442832
883046
676982
862295
115145
628996
845334
723192
133517
451640
276384
438645
870314
630974
832642
711378
277172
886383
903671
13146
375026
273634
861670
851090
835605
569741
630626
636362
197079
730591
829445
468897
254544
962273
455335
280927
380818
524555
73850
469672
580477
1006
422149
826942
946336
817875
833267
599989
277314
924352
766317
778508
572457
150064
873055
199682
427402
647517
156643
75436
387027
331259
392489
175099
627862
6150
855471
949552
898925
86832
841291
204528
594942
447865
115818
156586
997977
768433
38635
758550
848285
956293
468962
314870
492512
636944
496144
68823
897025
631079
63244
849966
274422
407343
458790
751578
892939
828808
798847
571176
816883
131919
430671
379384
749060
178264
292223
232295
639602
901709
963513
573082
989485
330833
38384
986603
295593
786474
94289
325818
746538
626491
768723
780564
950352
825005
219308
19067
364328
861775
362736
249658
426843
990667
772731
835178
777059
210785
403648
308504
656190
981241
808111
708688
396477
814534
755499
572383
502682
262338
223372
321447
339042
917718
810951
662384
256596
848374
980557
406573
669686
802769
50442
266550
229265
638919
204395
55407
243914
355132
326221
923432
931979
15839
706370
818645
592480
44192
957672
656571
64384
16517
18076
570256
671274
657813
862854
935197
807606
97808
144823
155831
459958
841592
404783
220407
562871
449110
756300
113066
516446
126213
689680
881972
337906
100785
694029
876991
323161
263018
218151
340851
221434
681992
818755
79435
356800
490134
880932
61548
966290
541810
901479
193860
723049
312586
627693
789773
410650
554120
90351
822949
215277
248117
886093
142221
690293
696097
623016
183872
541753
1915
23560
900494
780333
610875
55166
857272
619115
842441
534147
716675
355153
719481
782657
659987
290221
879391
950783
87314
738856
642384
270418
494877
284192
906804
908447
127352
47408
822887
819319
637916
819349
842652
640606
391028
833806
222079
660646
36917
692749
374958
390563
754049
62190
628101
599593
670800
408527
398990
787266
229751
636404
337441
28237
221818
729288
641849
971932
49287
436242
846691
652194
862796
225113
472436
797970
46538
825914
397363
949240
897670
10833
827483
821026
667803
745844
361207
911438
651453
893862
790573
780145
638929
401359
22876
638795
671582
612055
607349
865558
762501
420805
56245
490790
393353
62726
335563
957629
252955
447977
526446
584929
170679
75905
621877
907153
252803
332304
535600
982387
992089
218163
723794
572552
62938
887409
757131
94152
200103
577871
583748
62102
698814
702321
562943
800667
949996
417798
110147
303428
380485
621250
637834
618933
90666
227107
487284
643908
614322
810832
243297
954643
781743
940371
992632
544511
888043
474301
631561
525779
80401
541699
806350
681461
590235
100116
141616
763133
809488
901773
160326
574496
943531
220667
412330
787739
530472
745636
966246
354369
736086
364571
778997
65531
323494
57838
199576
983752
45854
947668
985662
453610
810515
113102
330647
844284
53905
276186
816621
30959
354292
795896
157886
876563
334530
102316
462777
509366
812064
897402
767272
702976
979637
196295
355259
14610
906973
400063
981341
282896
279857
545252
28461
411577
559173
725629
683745
104825
833016
416256
852110
161849
64003
834944
936619
435376
644930
637107
953952
678047
635162
25966
45572
967646
21027
150702
798115
185236
792658
669225
354601
570934
915861
948758
167342
454559
699533
28456
222137
788334
114730
301612
692138
724600
672558
382857
931132
539055
229767
188328
719158
748019
966456
467224
454154
52462
10660
956037
335791
699378
765574
540369
872482
455637
398411
798374
607196
672206
606698
305185
80513
329258
343916
775109
308568
739046
777109
944073
835720
381378
766600
707032
435814
759705
245419
229019
626515
357459
346763
414609
72606
367722
464490
290628
343054
132294
470060
369868
169392
148451
322185
167126
775853
280419
333628
643888
981347
999557
98686
837128
956147
350278
994058
944641
321548
948777
650510
6746
187770
189927
117643
59198
272569
878612
88021
280890
20820
296976
824087
991023
496223
148497
5700
639755
120653
306060
612667
255756
196177
310302
269026
711801
83947
107720
378183
921948
619893
197413
330715
20629
229387
896813
333170
78045
446832
706370
752063
911913
718804
125249
915175
885526
688295
562189
3302
949781
311990
529682
114203
978438
690448
918017
25746
43360
543533
126332
310255
881552
467754
166140
819131
550352
290824
601935
53958
916178
769797
729129
284675
391824
988124
766393
757267
494162
500160
355177
55693
938357
193553
738789
579261
420416
81138
986014
180925
422617
518673
177207
310733
208950
508486
3645
380227
522063
675493
738222
173371
734849
576786
860883
307284
626113
180684
618467
973739
778052
191555
73828
106145
636319
166166
217067
114408
534727
248572
653283
516907
996029
617886
413662
501130
576988
290823
611289
176044
909820
179975
936184
452073
728779
235506
88430
436123
907249
517886
520967
475975
19953
67432
713056
740354
744444
240041
475009
22650
697111
452576
347774
116475
880934
265155
828868
136761
100281
749146
232783
387924
701262
884067
218823
531391
781439
286037
476886
902541
173260
394603
903560
411591
186422
786154
140653
931252
266782
174175
456873
410946
77888
48260
51747
747019
742185
873592
306128
998330
680032
495705
383140
880241
963020
66488
96482
880966
263276
141884
845214
512789
691444
978602
958678
187922
49408
6175
620657
696307
991274
28207
858244
216423
476443
322197
354089
61740
696798
650840
985
962800
59241
112105
899284
424586
382229
354693
66839
685677
537521
713254
204652
567728
561408
333087
224874
234401
373304
850204
423158
851664
565872
467904
469830
975240
778416
432234
849621
771280
476711
939861
317779
999134
750823
675123
835919
628244
78821
102269
734363
814617
935916
92918
34872
407799
258558
776097
376474
150574
349679
717746
381614
845836
319880
218478
810156
416131
338338
405169
12586
769693
792022
558832
689367
717632
203797
912295
184971
904061
413608
667485
695573
468049
621031
470948
407112
851685
907990
260685
571558
917560
501659
593830
356959
760172
970895
562958
128319
62488
176505
977196
736027
405959
653357
712786
273979
593291
272899
71859
113109
538204
693213
516848
840535
385789
350633
359703
852378
565598
325304
168904
52258
705432
950753
537675
667154
226918
765133
513354
393996
309876
448358
423414
611964
43504
285393
483757
286167
283454
412558
173230
372889
865843
77435
815491
49904
725146
988274
597284
694823
463531
505589
395051
911954
152175
684216
446776
297682
68625
803363
818147
324368
745975
486630
445439
834509
905384
715873
638626
435828
101454
304119
31042
190105
103656
350793
143942
952095
444325
572780
537611
549487
606170
980645
12594
299661
217451
452235
578389
915736
983630
349861
824765
729716
260022
399476
502862
937562
158207
736850
783399
828147
421717
578645
378321
426192
600712
151507
242036
408024
465913
251625
29898
199839
618317
875780
186480
236986
839197
702227
360233
387274
565089
77209
814956
186703
850311
415977
623515
480154
530805
205141
532553
133834
845819
86850
631633
366453
103033
837413
774446
389372
385403
162197
786513
626359
840612
234485
69285
222082
528719
875912
644423
621840
197480
464591
624536
186127
497348
669134
48362
143902
610212
226809
628348
712656
784523
160843
692055
91740
971601
228064
493856
201108
329318
591683
912125
48399
744933
610280
308017
807342
983716
596420
639009
86869
565038
170309
925007
448241
645732
778871
313000
538035
832675
574324
530659
443783
433321
978994
476322
823203
511235
863077
522084
3122
336638
996841
821187
158875
38499
560686
456301
965638
405710
466313
967859
263222
112411
375183
416756
590535
112674
718086
909366
848088
140093
842642
230529
230684
518035
66026
285242
4009
46202
494747
606424
762858
642677
752960
748131
657557
933579
174512
468851
290226
598402
370069
784988
387883
639392
371488
539271
67067
265059
791737
768547
26956
197941
85695
133451
231163
858936
281644
749453
297261
114553
820522
241215
874884
994695
969755
145900
272523
264414
467161
956349
482315
709524
781834
965346
168309
38489
694769
458759
205645
881182
942589
353742
645722
464014
336372
892166
19619
198599
130777
660014
216123
72914
794883
933905
939596
864408
522404
712265
395282
582099
8573
692634
96550
672321
615815
246415
932700
458551
403904
183250
164428
513212
170196
96262
221369
851522
88682
944624
917407
662687
328707
618797
688844
567792
30247
358681
19930
139082
86214
943301
40974
243068
180962
851365
450667
364707
969207
259972
123752
312433
153461
349256
824891
189101
291399
362110
735182
287984
901905
58391
271209
68801
723070
760641
367882
927153
945845
586240
727162
863528
8354
99361
611781
666259
875675
427195
640710
316287
389201
253260
162542
158929
565593
932515
682670
389064
439725
344082
762766
669209
845446
148876
201661
538932
426802
536443
646268
48906
353213
73462
631864
276398
874500
225919
833734
133830
34289
550865
164240
876680
799960
343137
344947
459232
674505
12465
460187
83920
81275
219106
349981
25683
540931
359857
407027
267699
98533
360848
453350
639070
423960
636130
373428
810065
392521
80778
44924
501892
769126
612754
791947
258457
32616
213248
482496
274753
506138
604937
152239
945061
874134
851738
426097
959176
73748
281296
503445
455868
760318
680317
816075
59108
399551
887486
720516
615432
36635
423747
946323
379951
924694
929978
643964
104073
525042
775617
43489
236651
562220
356242
732602
565753
925708
345567
165135
866463
295853
805430
596054
8199
418421
463261
18080
159311
836228
128128
710219
165085
596794
211003
971591
795929
738624
593593
53004
568592
774736
709241
197787
468202
604022
456502
274704
609236
740791
238949
788447
342610
669436
190493
649049
389343
932523
292475
911324
44172
654556
899451
939182
718097
562412
862796
304096
794551
760278
602956
830670
191052
66233
298220
66975
118209
340926
191839
146802
867173
958513
664202
493089
280472
990694
142677
326692
541424
746607
232110
755008
218739
110543
952692
934063
58144
154400
711224
536381
780741
402878
679331
129422
763030
321741
86779
99360
490754
581191
263879
936500
387195
416211
648868
160819
238027
255452
504519
880779
924133
134228
445148
443733
834574
132795
711391
330947
761812
573299
594475
659632
724939
918810
539760
862971
90157
967310
394154
682817
773492
241458
534043
53957
1579
480520
715200
83724
624140
90257
484917
238490
717501
131513
248401
363767
240849
789008
241225
470482
291018
192214
129752
377967
80501
638690
984225
694140
541989
443777
875517
581246
390122
499452
195524
803594
884296
273379
674829
202207
355882
882292
184649
903388
106477
738901
932849
733241
649200
275762
833698
129234
976200
770176
250669
590925
100118
940247
817750
213009
782570
283576
682996
823453
358142
478013
800772
442201
971123
821259
321007
237095
796701
374753
887528
331983
198891
71628
870158
231165
860681
540282
401641
927470
171187
789293
623912
620494
894534
195626
84471
625794
808286
581112
88235
796702
793064
589895
133020
978373
45538
810850
881033
890187
240379
299553
837454
459683
699630
834703
28241
524103
423692
991356
23715
437744
969339
208011
397412
627904
780279
68293
358539
40965
71276
636170
615087
132053
813524
594879
616630
531250
448420
665793
721846
208326
280779
304387
83653
139964
671008
757787
235105
292934
910994
904286
733638
290789
575431
760942
582802
995094
888374
547546
662774
715020
125108
102681
421253
313348
718520
899628
249606
596712
708423
583877
347336
146499
401833
413716
309677
466425
760726
915789
817262
101516
173096
306591
882776
500859
611068
210632
115923
666557
178739
805897
349927
916933
657685
391809
350164
505554
540844
469101
632639
974248
51073
567346
477090
804692
831633
680895
521870
535803
16021
800644
700360
596362
336436
232047
273230
851971
175196
385665
175840
633369
620397
576484
603500
852765
395431
353251
564394
989548
644042
930251
938163
168362
161431
332503
620456
198440
482485
819270
2536
336859
548146
975820
533019
674678
438632
465872
23645
150345
704484
295587
700162
14646
477190
340956
452545
594497
616404
498906
118291
861184
383624
508483
647317
736111
975792
572787
575073
869988
336748
37906
424341
518499
750820
294747
718042
520476
488597
320720
149799
655821
362320
681013
484149
482925
358302
229398
295892
384714
889846
88461
627106
206633
60370
644358
396043
873296
134302
214618
458661
171729
88890
946448
245823
498864
188483
932250
552690
789460
510180
929417
823948
516675
672909
484202
579727
136230
13383
577945
938348
519996
252929
760045
460806
245998
779493
387716
613288
433024
359846
828311
538986
379001
356085
440949
873957
985365
349816
2853
795976
100203
64478
884104
613994
480081
440331
592933
285370
794492
619429
210842
428682
740519
10066
501189
5896
842437
217016
557564
838771
930896
361786
737048
66534
837106
521893
392955
103229
351271
660608
610616
189275
793473
53620
757865
665842
852648
46912
950325
624483
833135
767661
344580
641579
284956
242443
313013
798427
878514
190592
467994
700317
388300
682424
950593
655318
262501
641968
886073
704680
606676
506102
838126
291220
986595
143790
646285
47297
685443
492444
795217
717134
377597
571115
357572
107760
609973
519806
833724
186119
237168
399258
842507
192247
401741
638798
970938
14910
567178
581008
368773
115272
168587
612768
951791
490362
291925
839831
471953
779534
163595
910543
537228
894951
477633
8778
851405
112286
852907
89308
282020
7368
400211
966711
926740
735336
824919
493079
598991
137172
203714
166512
900205
734229
605107
365154
842476
880267
770557
67030
9578
390558
943846
707748
711246
55072
586625
424259
696031
83996
784920
708720
974818
656081
328455
410093
859485
84454
465692
872327
550164
507526
426347
827758
839011
26536
471063
920389
943252
61377
734035
830249
458069
525741
726284
749043
640489
170509
11596
270289
737513
21379
91526
575711
951903
783410
94276
215842
713311
436720
304954
585938
322890
576296
90087
820572
333404
120245
365553
200697
706843
298089
218586
569196
264733
333081
922941
90556
221705
93054
456216
321754
748817
504452
97048
367953
799294
175399
939247
213781
703600
964272
842799
809302
105778
212108
553781
173321
87741
783615
27311
188697
423349
885210
752576
490064
287229
904429
498673
460854
581980
718565
712674
400725
711884
332559
75541
367307
569824
915309
942810
548099
731034
161773
248505
875956
130477
356877
414260
794124
18612
872890
578909
552245
57023
274026
31538
410045
3417
885221
683689
950091
83999
303346
543697
869215
573331
120690
856
264386
753706
934507
190332
612553
22089
493720
136810
658277
940327
587132
36376
425189
266136
918042
565370
952780
29789
811659
439997
823413
916120
856420
230686
878304
654873
768211
426116
720929
936133
328721
19911
123204
771756
991545
864878
868910
847809
39266
546737
354991
967278
728063
210007
920561
980332
750856
607747
410586
199570
568788
118309
407229
604781
601437
923376
210557
693050
210370
474925
27625
939004
621121
946427
426379
498081
406319
918429
863897
695446
77623
907776
653219
472542
878156
226389
288803
805059
536077
934294
701915
726377
212654
254618
773750
255661
31924
910188
365731
502116
760436
185374
914846
970513
800388
211533
377722
785978
474800
461891
215310
496371
557826
107144
996405
221910
893175
589446
484488
281301
549116
575760
533151
287070
365309
112176
993175
701142
145780
779650
215938
13327
76127
230278
180810
908306
882151
132591
343968
803557
141166
718241
667420
316189
474917
495999
298960
32478
937083
893760
934296
356021
319522
431801
977781
689503
911982
396797
199384
862668
894528
289086
848878
834657
940949
491734
521510
815304
969310
465639
337325
518226
681848
946577
187983
739819
558896
321678
910579
427805
207503
712011
11552
657825
836495
67404
381850
518068
362553
767594
568515
945314
182456
349848
491085
339689
868756
347990
632705
949342
674499
712863
132696
114665
370847
715483
500629
71898
580311
336059
670
273273
853019
87180
754795
93607
316964
128725
386430
627850
109489
74978
288577
719712
234449
25416
479539
709842
132741
227085
469927
409612
214738
466353
591567
576043
490586
377916
207499
802280
102415
294671
482027
655272
277915
146264
882771
555546
679980
874026
498402
164025
251889
130960
893345
149826
348748
460520
389206
92380
835340
587180
19856
899844
253022
281429
693718
927276
506230
502187
56567
14775
711532
976363
562180
76049
450683
528784
526014
24556
742404
437357
722256
306353
400293
314301
397310
342195
395456
193189
191776
466589
227746
68909
879131
284364
406048
776553
316188
375157
626440
410928
170625
996421
376941
994124
102813
289164
605797
877198
711748
446210
85995
776194
689435
474876
680203
187975
454945
936103
97776
938170
610146
46569
932472
957901
824253
19168
187426
693926
876724
634288
299961
941301
129959
69681
441102
155416
812841
150405
859467
230829
458278
121601
554842
228698
544845
896231
422669
804230
102827
636312
356304
664519
987958
558810
790566
44309
165725
747906
679817
287983
27945
903461
864932
521579
623756
408008
972505
591751
482497
228367
220559
808240
810175
769778
514666
312983
664449
102520
931232
137426
153009
140920
591871
119378
166005
115488
579307
601357
476793
386327
527580
720589
929923
889775
569661
3076
932790
851013
869402
886343
772342
103917
288770
666789
54552
161429
377185
676627
412123
443586
903133
848944
373184
195328
523287
769692
707620
931045
27122
618647
774592
264163
540164
918869
768001
177271
64990
930942
904542
686003
658792
17356
971115
906332
234650
633848
694858
903558
46355
541084
172848
85497
818524
169104
942777
756654
400373
932967
92656
642258
778451
579842
528154
824304
150758
583595
463883
486756
317018
370862
543017
415816
760894
358891
960592
308109
978956
248922
675376
17973
86793
982341
80858
945252
551201
241823
676884
448507
478869
206894
370288
964223
956741
463376
18677
693107
97185
900650
451910
479204
531597
774394
897747
630627
907194
151990
566483
10183
411502
227066
468868
118350
404235
723060
66376
797294
715643
382832
390090
906509
246526
454454
679790
662288
21789
252315
845223
132665
584066
987257
94602
765345
785163
854401
254424
649191
618379
744747
899454
982509
962754
254133
506523
532391
855563
870107
955307
998365
64483
524466
81879
430200
50042
804638
842523
917680
245090
418864
558386
428397
641132
256943
852566
362814
952003
9471
496452
977577
733916
663879
464356
822747
506998
279072
767913
887756
451769
720280
566937
695260
8009
158808
502126
594802
519835
846566
154449
593351
753827
72625
149026
703521
153556
33439
88560
867954
624277
749637
837860
796765
551115
162930
106976
349510
164928
450220
653299
257101
374460
840004
825535
761807
112685
146168
466067
17944
26731
911397
973030
772653
786514
760304
938939
627972
164494
107032
272286
143545
650834
342893
991498
886153
670061
747535
536683
55810
286996
63025
425980
62202
333459
622768
218428
530897
28687
318196
885800
828186
978808
626818
756057
68209
235381
406378
233781
278423
780061
754640
228290
891127
800132
976586
182298
552342
952917
775175
384726
949139
52573
97004
683062
753191
458156
816303
706263
157242
938590
538879
476155
392474
293420
351733
55957
347994
381863
90090
401077
127043
891848
176929
756727
50441
961079
897494
977392
162932
301358
477566
997999
149741
2001
784134
228128
732607
935313
384901
958670
74727
660371
36089
142409
533110
716918
266354
847039
978752
321645
146496
614418
126624
804018
654675
583267
214851
863379
359729
775174
235909
762860
504701
844782
277253
769575
514746
688097
694934
706976
940255
661519
669430
999779
344762
350219
833636
419677
930723
534805
436623
272778
250001
508790
142918
592767
60228
532349
156852
121423
807125
371610
443605
721093
664666
10444
229664
629620
995364
716361
88546
370731
601721
594888
548690
291725
406599
287970
202334
699647
440216
409592
448168
123333
94326
179000
49742
333553
589983
220821
112281
441784
374223
479890
206539
335704
923324
138133
322083
749632
995008
487963
151507
52031
429904
656135
916761
829189
586948
906546
493229
603632
27488
826732
669474
505119
434049
524992
243728
900800
542481
546300
539021
893599
750919
506637
319374
935750
520242
749571
137970
285117
332143
170301
656190
28937
569410
4230
697690
553007
260643
897340
260477
543347
703853
953885
483308
248195
190470
783014
513202
321406
289350
42432
78162
230068
291700
950406
379356
427258
942645
95490
994486
872169
945475
505075
716809
459652
811809
741404
343121
298779
412846
972791
203980
270652
121682
584237
335655
726620
850162
807488
714067
610175
301840
562933
275603
38471
477477
828137
125570
41007
816051
855339
586747
389704
757878
829211
204162
279850
325619
575465
981773
450064
703591
849203
686609
163719
86713
613982
701784
577323
958971
816417
724792
329350
574287
397391
304896
543284
281307
117166
376712
378458
599961
783538
467226
918698
337128
64054
160393
652123
755102
388316
917002
615938
566205
296749
586919
847865
813943
623587
66012
706222
803243
811136
789435
669106
360468
317244
972241
98689
496721
465907
80401
465641
632883
955078
793883
524274
513428
469467
212228
136947
955333
865829
709061
46059
588123
487521
318524
794724
474691
93778
432874
239309
249174
619910
341997
172224
751856
947674
356623
493181
438959
303615
888421
121849
504799
34823
647090
414502
829816
566855
360718
170371
75496
611239
825592
750610
551956
384095
818111
244003
807365
942929
796141
9410
187732
834797
648211
521307
31911
962710
89058
80884
186247
240279
280682
396903
256924
456567
64831
758151
316669
284198
861959
755719
331298
615391
461516
583726
435887
611984
458747
840988
140164
949303
936015
25645
30547
419
971225
22866
551210
581623
346785
995851
744211
297054
116240
191507
576102
745436
929020
374826
430782
239156
296169
314200
398948
494553
839071
185212
476734
998532
237628
76511
387330
963227
208272
103619
733340
17609
396673
806625
867537
191320
11330
79169
508384
214051
97107
583468
860490
482227
206582
871529
379842
906230
566310
786826
422206
353984
569844
360759
873375
395994
687010
964175
989866
517333
797569
867985
397269
322032
912400
323683
969197
545535
996611
818982
443979
855339
276094
327680
145234
381047
726359
56309
667212
731690
547022
42674
180135
917806
556292
375644
832809
333939
856778
399214
680988
956645
731895
48878
576632
773381
859906
792703
625356
217679
772642
36680
999164
753509
147534
703223
104537
697535
887641
838812
928214
269737
538676
687226
21123
322734
836114
789729
420367
214439
293635
483362
304397
15391
215162
237041
281410
31284
403067
272253
179740
601854
820079
598845
604021
160319
545475
287432
699000
698262
403526
967244
83996
747823
629545
13951
838643
940132
435815
998140
791416
159812
90271
403783
320980
630300
14949
466488
676838
103593
705020
68955
852281
838598
167539
910422
442986
295579
423599
730519
547295
993022
995934
664522
308257
627826
163299
25181
629899
628656
973145
589366
610235
38250
308500
416745
621837
865411
164486
375058
927445
543390
253100
441339
748514
503824
612675
792078
875122
532066
945432
388656
288688
377479
1306
416124
832989
829438
829625
363870
546963
480987
44464
946237
575163
796349
251058
706951
685113
90575
787109
269136
196644
395366
108758
143873
246508
839016
443889
211310
154955
982930
645362
250340
137124
211428
708619
410775
241135
720096
521622
251717
348894
608214
217420
922249
586523
209662
477365
399793
548356
51782
353237
308244
909082
317087
715163
878215
879235
155855
660102
55316
245351
272463
763559
823010
754723
841740
731242
942748
451459
925469
683792
219691
533071
116046
889261
487401
368148
916089
821903
572574
97213
680475
45914
737624
350972
732729
141996
937602
580984
286248
690453
63351
173806
124658
229365
290684
31727
698850
829610
902368
638474
285315
316826
633574
640732
244581
670773
509878
923568
896240
239496
933755
96270
630387
37976
284701
178571
578427
596987
233205
257456
67685
742957
260901
950317
462193
609231
30222
826042
539095
272877
192168
325451
440253
331109
190111
382770
181571
681781
717182
96447
592793
287498
661509
301834
600808
136521
675279
472415
889698
20405
759034
896091
352288
175337
472558
206274
428644
812660
212479
50680
820968
180271
545227
460212
945926
816074
5105
340902
22313
637434
663778
273860
427179
330193
247160
788678
67904
453405
103540
61830
714393
94655
294728
227143
902741
500830
811811
961176
179183
598797
542896
614207
838960
418667
889137
279035
257764
26310
774328
219500
678640
806434
617126
420399
52085
254987
909920
254857
162064
763269
739581
406972
709998
510045
567805
811552
523703
868489
588292
599561
146130
931572
985742
13223
269346
174857
44866
354067
643175
426161
901952
812107
221499
510334
550787
695373
254284
834102
112465
185696
24811
907505
162493
637049
573764
471905
407132
858623
289353
736420
431422
961607
113209
206778
286486
407921
200143
859332
75596
270109
291691
226451
474387
173961
322731
842736
298180
38080
319864
418809
57311
163621
983793
239142
469717
890791
537888
123631
922744
855109
844171
483848
254936
286942
762252
367139
945778
982649
890406
248808
452953
123144
939306
551244
940864
27998
69292
340225
242110
5088
555366
566159
158394
670780
649629
917617
709207
90682
761442
914033
198545
977069
636795
368823
359190
977112
852321
366602
199528
710003
171052
85658
451995
717861
400077
719888
471903
270282
707275
866192
319992
187975
587875
568416
787071
189679
161152
140342
372212
693318
508435
174292
624185
79320
294291
293665
260423
222631
846370
441994
347242
240366
759437
765394
651684
691980
181064
448223
188997
139879
21997
133017
249002
441853
252455
208316
844549
635998
375470
905411
680462
92268
953483
544506
390617
356233
225356
190553
396616
558332
761788
85623
57863
683485
40124
559424
174066
707600
75052
858434
59584
998656
788260
292623
88270
979650
229709
517299
366555
137616
535410
540569
813483
556725
612470
292999
908531
207998
498297
260712
660980
678276
27091
289469
496623
16599
768121
493210
651750
118334
384003
31058
323028
873279
446073
392384
31513
19662
191901
486821
997612
772976
165677
955649
897578
382012
889653
276795
814353
562217
760832
682154
890241
420158
19576
258807
924884
138016
473969
129838
474576
187651
371552
517662
979974
269555
151904
810966
677191
495089
255978
411820
413497
908128
309846
752790
671882
432313
352165
320408
121986
979221
646008
646098
240821
219378
638281
843134
340079
327003
91386
291980
287193
670621
24124
844913
142090
289491
470936
759958
547634
134651
634103
503380
687801
319524
947105
750452
24992
565654
661656
838890
799876
471708
785086
449215
726155
236481
5781
987810
377286
39605
550838
82758
966459
729976
753510
364920
12766
246209
200112
556235
995561
430869
238232
483224
232000
442581
412367
11755
860790
51202
738115
493700
783211
363500
389737
63082
60748
214638
898573
853272
4360
879999
725012
502976
83624
310327
315000
21770
951147
781321
569627
430641
280819
75693
256267
689916
112806
347226
554178
353562
456095
595616
177940
429679
594184
481586
812029
820685
592775
135141
843580
838511
879846
740096
70174
169605
610215
276969
589120
902623
190428
690435
237585
581174
45356
221145
667630
309145
303995
505463
45299
723714
223463
778542
494265
444858
70182
122267
811424
731395
835163
386835
574924
796882
845191
853589
706090
114045
702890
76574
391765
651205
624440
331554
572294
717092
547950
866814
268404
690623
443001
701915
202126
190219
521375
403513
112499
793394
658144
863792
559497
119211
186419
228584
310914
985359
272894
827858
669022
761728
880234
324773
281034
832460
369255
192162
522581
333707
461961
446376
629242
779360
305633
260973
651248
533065
339387
449917
886911
784256
942688
31245
15701
563925
520578
963483
522171
724310
39357
966252
28289
555716
309014
515048
509318
379976
440726
4452
841966
767214
369423
85026
957756
646198
431295
757778
437780
83507
808340
330469
416410
710473
414653
183196
504608
778933
217570
220032
375424
26036
814663
801808
851170
642441
346593
982601
392106
521990
840700
753263
879410
590591
41978
39935
514862
157505
57209
866185
692164
114924
603181
885117
192764
621195
109944
570749
84443
33457
578138
513140
869496
673290
571854
585236
905424
633989
613444
178325
473079
556299
245263
379358
768976
334213
298131
185059
7569
683576
781949
552069
414085
961450
933275
35026
437249
645437
447911
487119
309930
342485
10584
618317
786979
278043
899534
296064
835799
365145
758158
986334
993196
144961
777252
959251
446237
759987
562237
863513
891902
977275
23107
546095
10876
84178
672790
202862
866200
290186
849151
535341
42423
120891
710098
842845
366817
457474
32214
190506
691556
801748
302285
585130
629804
196437
179923
878216
556155
925962
702013
566162
584273
418790
919247
950096
315684
159178
834834
665159
259258
842739
849107
434506
667062
341486
834688
445772
427100
737117
521362
789853
610235
55506
572692
600356
504639
783008
84913
976901
353845
302426
205646
168635
272748
547352
925541
373678
355423
472129
665881
673591
167794
851483
7301
774559
344083
960452
247946
270199
295523
764514
651159
710922
220656
631560
78523
748529
67757
356877
366968
135401
42714
617982
153769
722615
248605
99441
349330
576219
182277
307186
277845
369306
804567
739822
920348
492771
479231
932352
539392
639404
224713
367136
244745
942985
514674
656162
712055
403561
979215
994999
201991
516442
108687
348893
741866
477403
558634
147029
345200
540736
2553
505166
559043
772242
81608
686992
283751
296473
537307
746368
466001
309734
877717
710903
202078
172716
100546
586619
984148
136784
438694
358443
863891
721937
714292
830742
847144
427309
391425
96188
276607
161984
237966
52548
595355
294757
487364
475640
965157
537486
557907
176651
715649
814823
925740
371352
745545
637389
706269
797669
700272
377611
624496
349910
892490
200991
611859
711690
851491
860166
230894
655718
186993
527545
475101
632257
283827
997438
943893
637807
347410
688680
154877
111433
232717
201083
466948
869359
513234
183237
192132
125828
195272
768128
479141
485364
874064
423010
30930
749279
446682
323543
449326
348235
746202
474916
17758
678760
637502
755265
864548
654652
837253
744044
878622
51086
676222
709485
129326
202551
928972
177782
817902
276387
163817
992572
361624
637659
996480
846593
469165
89893
42202
14134
339138
791117
634215
145134
792653
473807
942983
102756
611638
213353
737292
476541
558385
856856
454284
893839
328318
217989
403241
956421
255837
721934
333440
6463
153241
62773
740173
162347
765384
633009
883555
686268
968198
30192
198167
587456
898062
227546
787949
23608
109076
867874
758030
40489
611906
496277
998828
797481
911262
564152
977944
880739
651826
847583
211790
915262
883942
103883
466319
760789
665067
633642
278318
186261
967031
57748
292975
466356
330683
161129
202589
270343
666246
83999
332326
515087
402831
427105
809072
31218
879715
807494
129374
368557
402376
340940
162740
747560
560837
934121
292766
456388
388897
741554
981405
625132
127482
532762
164188
415420
162762
688710
607259
555911
900933
510625
816213
373968
689094
822507
200321
851083
758609
105222
873952
319024
343213
471365
103258
302119
305032
98587
142496
20384
707115
99440
103
138917
51388
113242
224357
114080
646255
532693
166081
41236
713570
433247
383199
954800
897479
25163
107758
900836
322353
447336
957911
53343
702425
883178
813725
235551
898863
618103
163405
310953
495531
965368
341009
16619
749796
162588
396892
118632
673796
481954
72843
335843
481085
220789
442129
344477
927309
541686
413808
204262
703118
279911
836747
202204
853876
331635
717031
843582
712104
578397
74966
345955
665170
376214
902210
522508
464144
317160
665262
622812
383342
27457
775502
18229
865476
159165
728653
155027
87392
866062
193234
266755
87302
190618
718009
684338
943891
59623
896402
994841
121899
974358
287847
237874
816170
586825
766971
749927
803479
355241
130501
787314
20955
454551
508623
164938
207331
490022
349561
733010
799630
77429
215816
847497
361581
913966
81835
714661
144314
831651
214519
339019
675033
991771
867926
771570
492952
308240
339939
63047
779381
295740
473381
641622
607851
160964
38552
233978
803271
606697
72346
248319
398249
469410
440287
615668
286870
725135
969365
710451
298235
17642
882130
427728
805278
224963
607224
63899
230863
161000
394072
359541
251047
251797
753579
132110
708872
351044
698968
771094
579333
574747
653550
118388
499142
204786
298798
973739
25970
183542
5918
79312
769044
452975
7153
891252
794228
885809
829041
456556
709941
693072
909815
666930
432393
719239
839987
574629
409634
231016
423132
833520
14774
229043
378703
293262
985251
6231
17024
399473
34217
348817
601143
964626
664498
278086
134882
19400
434944
224825
884026
527287
640498
766259
652920
785227
253069
894228
686607
435661
327043
427733
99521
953655
980154
550333
551170
910350
422542
449552
237113
323219
261831
3967
671189
339376
233418
748459
90807
633669
604396
738068
845951
567335
237515
749657
943152
55526
177532
484614
284123
842552
68724
762261
977649
302156
896218
41263
473697
885864
920697
893708
650509
875494
174098
964489
32631
850242
117303
172856
13528
811724
150817
367582
916204
252003
220523
289197
218873
966604
748376
549096
388492
349499
537064
64502
530991
610438
974335
184874
589602
611389
163828
574907
386405
598784
123142
754715
444062
336078
77484
17123
231335
428348
404506
316925
996275
426101
367102
728194
478140
133059
78279
317131
353215
332417
727622
992530
397729
621569
868489
514952
7252
712772
477782
640027
142356
757835
782177
179808
565958
602744
422619
316451
554332
183963
651843
803945
607905
231396
230389
861199
153459
555438
659119
662507
960122
874381
953866
32655
185889
345433
833285
596625
250313
578610
54022
311683
851764
30852
856646
837453
959437
306604
349912
965767
197910
678004
636325
874253
107344
446745
329310
769051
766129
985898
647400
314394
61604
387395
796788
669293
518178
349288
195300
836819
243295
927879
8384
266970
186778
398212
883981
94355
158918
104034
242838
109691
928098
669533
524467
65526
127682
974992
749597
443959
347116
648026
27954
608174
50636
3335
972186
902191
656376
833222
283568
840778
768876
842596
671938
55515
562719
578051
729712
229314
754427
619754
978291
799399
566603
279720
187196
746073
763076
962454
728520
189123
326001
971579
403533
777126
487396
897429
333469
118555
321234
968059
441989
286976
573193
780688
308960
198340
134439
628957
735555
477797
459498
770854
493788
981155
788474
529722
480097
931525
646879
214767
221420
528861
729351
770203
84083
859681
524866
712656
216223
942972
520376
90536
139729
536164
201245
12843
350358
256843
275675
849581
999125
93152
165615
578970
6483
495393
485211
61343
905921
953360
673373
558826
761790
776105
257890
713854
364329
91466
471071
687883
482415
310724
44960
874747
885809
922056
611995
849009
922602
431911
646761
955686
109142
839757
537273
357203
332172
226862
906450
904459
18389
226378
481376
414514
225247
550240
15409
247665
259606
425722
445233
483408
219503
557088
774815
715471
682523
296096
235611
876994
423568
424184
943476
5459
548983
798020
369072
791015
675623
411246
813867
485742
199457
799548
935368
361351
679962
142276
957546
129541
948224
348127
480890
499154
880934
880215
239230
45350
284113
708472
151707
653054
679317
881126
446267
553781
87569
213338
20974
193632
358803
917248
595011
780992
58432
716868
132864
311499
524507
284
249078
591459
7097
582353
219162
931529
106437
402271
542111
632938
598950
557549
706809
308825
305772
580614
964720
603000
502603
334188
778295
12958
586340
321812
771976
981156
463130
364861
694586
942117
514935
231284
319821
199214
861159
876535
198180
967583
453736
448941
787910
694950
833948
334969
964722
695607
187054
886658
304288
982577
721590
152572
128757
896235
192801
320181
964305
196893
880993
820180
497154
197103
372810
151564
881367
839489
102249
926406
763415
777360
130343
47313
897535
599096
260584
657111
521583
306816
421581
59303
413166
570215
197325
754911
674197
33760
316269
879459
424494
418395
392733
951873
774745
604001
397584
884516
28866
164779
530896
679637
47342
792601
552108
950497
322565
738778
858088
814029
11726
959067
268590
385413
179616
369526
610311
274992
793485
227154
44973
239720
566135
376363
664407
813770
714544
724560
439754
5656
499478
170204
985452
848417
985099
104251
566653
560658
7867
989212
979890
289382
119746
222741
543793
372972
18835
432674
49639
132221
11340
353275
539667
423023
833481
940906
247000
840951
471324
86374
922455
756223
575427
587622
273937
11610
683499
944295
94459
847146
528995
420990
378620
128958
433907
902480
600104
498827
190497
491140
700744
570374
88409
361266
663853
786012
321736
968956
599558
659118
491290
553252
91760
236656
586817
506283
551452
120134
274793
9948
719832
440317
759772
371007
437213
770928
865688
573900
672447
869902
893884
927131
641209
205566
26422
84673
251012
343053
37225
758930
511301
948809
713155
512075
587030
972440
707306
24532
927946
434881
804110
895532
912846
587854
59668
303958
580576
228617
846845
107204
647299
695443
929608
343006
680009
946798
268894
868100
39316
216850
851615
806424
822822
978592
115557
474117
887777
258850
346306
52811
669703
534364
711869
671604
306426
763017
609936
289041
731476
34021
307704
716893
87189
581474
99236
780731
655907
353617
966776
151191
823246
468751
162858
423561
174338
73977
603592
165921
967994
704564
669005
999252
470387
269689
981207
99732
894611
671317
301231
271976
776444
519081
918098
324560
560093
468153
686792
316860
300557
192996
790056
42935
581402
278700
531417
945531
482767
778969
334542
696764
977397
928559
798736
146342
426720
25858
396220
103941
648455
120625
538084
802352
676073
723591
101635
457590
375172
424123
230661
492546
500919
6159
522262
57671
916384
318518
528948
47942
661090
450639
67319
999862
910901
275680
672885
741305
638916
634927
84134
374840
622570
435436
711830
873651
416631
844563
953618
733553
903778
735322
244534
129894
409431
748574
487098
928718
909710
707796
560873
723272
457737
794014
624200
742320
63842
37661
637471
640528
435546
334013
748625
668174
93493
209733
236480
857307
375452
725181
48267
726576
508287
226395
653582
63270
737572
327812
553643
169746
790405
326125
15162
132617
208359
138433
719944
901373
67392
666382
549058
167267
495509
341135
121177
151524
767538
654686
56670
938489
637871
285615
227545
939182
225732
920730
189967
773341
909220
962607
639606
857954
939768
689846
396860
220582
734940
545556
150867
869801
973174
291498
920549
946400
662311
336969
511225
519918
99493
521204
296346
582349
89480
126512
976585
777434
473323
797569
727707
210861
851750
455872
406773
610993
287678
476771
659429
312231
786227
595016
931226
765008
830066
904300
346675
613348
854124
462090
411531
389508
830848
307609
888520
67069
370838
815474
954013
18492
475170
514216
364826
906077
222915
795089
882891
376488
301206
909937
430175
119119
879106
703818
212179
610990
516971
384865
762869
742746
344668
383849
322151
534602
880653
605601
751759
375458
533601
130695
831634
244535
783139
950938
840710
122614
566675
40586
379672
161898
526987
533732
818136
935372
346147
400639
640321
578833
768192
407627
597063
822682
845012
821242
665243
556786
135053
779266
477567
132132
829758
554790
451409
691125
747428
420902
881395
185349
426082
601892
524538
592857
269066
746317
130161
734935
820990
345926
297224
924542
176262
420474
605037
471197
261149
661141
311027
763400
32928
542927
313878
123025
713774
18533
701498
16854
639101
734742
532074
441155
859959
559192
393505
335807
530559
697439
482184
942265
880117
4231
338993
864157
921245
613320
28307
318459
619085
946433
868495
669033
275501
846408
412710
71258
292852
607652
110514
642817
840721
997215
693630
524293
998142
162199
623242
21033
34936
744105
559239
627225
170
280201
452799
953232
233718
402613
913094
107069
997298
307434
543882
242110
153102
250226
795673
895150
862892
933845
677638
670116
473506
556374
784717
883873
918151
763672
609074
936889
119708
234532
855745
987897
643708
498690
577801
829641
274755
341100
678068
593101
911263
349245
48317
310577
261029
885158
647262
997256
946221
19216
505954
265976
860720
377943
53889
313796
134668
117313
338278
928878
617450
903112
798601
141410
599895
251750
665147
769531
606717
76971
375669
74079
43829
704828
252344
790768
741307
68598
168236
249497
781605
776714
328176
616824
328935
740655
627236
162161
10930
557893
922586
575083
607076
272528
240505
863288
104735
754795
825024
564652
480657
847310
861166
7948
489849
120975
852094
637650
106026
456392
293866
500131
18398
348874
342502
825975
956830
62299
653545
210878
238794
867317
933295
760148
934140
197422
313689
948112
995500
702084
863743
870660
492446
569454
156904
488234
976468
171048
218531
446046
925905
67870
860951
629614
55057
3788
230732
551243
394247
248900
151496
973143
638783
806348
906182
388196
53060
908874
300715
945895
123315
809669
596446
137248
999951
124586
800009
55121
801495
677799
761151
16032
515911
815208
906619
386156
883499
749388
526790
946350
331899
125688
871552
704375
176636
121335
939268
617696
705075
761745
407481
921141
942451
360638
439003
479102
28917
117527
44658
155057
903442
271692
953736
283023
339099
42305
121889
944274
208301
646206
810006
441814
879645
336949
480657
59917
149847
808909
21378
239641
857145
968751
26087
90473
247461
605160
725832
955866
531589
615755
451358
904210
490386
79183
422637
81705
212759
495530
100395
331748
260921
259088
290803
401574
148482
227860
957488
426666
343316
231583
418204
492756
824876
951609
445593
298498
677401
407603
412023
705768
423213
319439
838535
224839
713353
872012
698084
187690
354510
547208
525834
417629
860291
765400
152631
880922
952917
736005
214992
624687
580264
707992
313262
45758
787844
722528
835982
180979
450530
481228
893759
521788
342989
972648
745510
316569
396159
813197
214590
745413
854387
845720
807524
409315
260891
376912
981081
874769
983335
635365
911657
659192
635189
978850
882817
498221
382093
810121
990188
816797
670986
949533
176788
635166
69096
925143
612644
96849
111759
139068
664394
354069
909863
672487
603955
844451
510638
406346
502934
672539
682540
349338
104245
326805
446603
595962
782317
49325
894930
724703
438471
29107
801573
440168
537559
395247
695095
798136
756330
601063
460468
297147
604660
294443
397408
540964
738578
556945
233488
701533
501913
607410
598532
680489
104115
593
251528
584501
556440
873635
988673
507865
673433
660231
589335
868979
305747
541307
589792
790065
287058
907873
876673
819628
891909
870337
790174
826477
386017
641077
61067
900346
475165
562383
302993
401518
838800
255859
725145
517855
677694
885966
264560
370406
207465
160230
346546
468092
466662
392882
767908
647094
799369
849072
702809
841566
843773
947341
389403
211198
192446
686573
717285
316016
503497
798290
429397
268575
72154
616508
153275
187715
30986
694087
233998
738370
552687
438262
582395
392907
696264
492571
754826
216145
223910
566325
929313
719832
830998
174656
622554
740874
326325
767991
54998
762860
607422
644424
406411
590808
298084
165409
434195
685328
294937
417978
149922
374265
985358
437615
143910
194897
661420
761836
893498
628553
766979
720007
974608
743802
821593
783409
219829
186333
154517
502731
606122
902467
435636
549515
515447
675761
331008
446992
488883
970805
295591
767107
605037
265413
511902
148097
4222
908230
670351
616561
75600
321782
74848
231389
62223
972119
86192
91786
279949
985987
800806
295168
794880
752287
980055
241314
913346
930859
663166
970790
684094
450052
743654
426241
995141
925756
476570
833828
771076
935770
565401
503654
233725
348845
634424
630260
344222
931263
97648
820398
45887
913409
742655
239464
805521
360191
358370
37767
799950
162116
61496
16953
129805
838642
58167
383953
291728
581529
390389
380862
988496
434453
504119
952316
137524
909902
763921
19045
209601
760933
580278
894521
756280
81308
770748
460068
385591
450789
898779
981193
946039
474572
952595
644772
776148
470761
855639
521004
678056
129905
582358
818111
325614
157709
268544
43300
725834
907755
571714
141540
496801
43641
961739
2849
253332
422261
594469
666060
343875
310708
753850
483068
814785
655775
741525
975315
682308
362879
676700
204447
682198
91065
419544
777894
939062
354850
642348
185122
151140
603134
240955
877487
240247
643499
879468
319042
386104
970068
197353
163209
270118
678284
345380
578970
139144
715487
953896
429459
838227
750698
935811
701351
909599
99644
358938
662522
235519
954280
724132
453207
488288
744026
411096
316756
123376
516635
400241
973994
259757
830884
693067
922781
644365
628851
950262
521044
608739
823301
782676
840207
473482
42531
408833
424234
261080
163625
633030
894302
412763
102103
478133
596986
658337
908141
752233
971636
640725
277948
795979
388848
709693
852427
712597
93135
107762
491351
112349
220988
937070
762314
661946
936534
942044
20271
710584
271288
756708
719791
382938
331345
498295
715192
484341
49416
579884
890331
256409
382977
882836
230558
153625
543543
544932
384395
987712
276029
216385
575832
192653
465338
107817
976751
596113
269306
959934
57967
922689
757663
23306
283705
631999
354109
453310
288528
965150
643391
503489
586166
752707
365896
393454
86009
525217
919738
834602
749076
354812
32792
397502
228092
623639
508559
474067
943180
41738
977359
767906
635032
73067
400042
665901
577788
201943
187025
41273
964748
757561
993450
858532
598321
974748
144162
623159
834423
915470
145064
472177
990347
447691
404473
416308
463127
209616
942863
864411
4511
91440
385185
515993
712880
587138
230130
920424
555510
234638
858839
103018
818114
539342
371683
295852
444244
232591
846421
980807
743544
421863
597985
222779
155673
549613
272071
79051
642771
20360
989399
303063
274438
606760
673451
779355
474654
521109
124358
833032
203112
162211
179043
295824
151707
55707
791037
157479
212177
554637
947859
147612
632042
73862
460726
998515
189040
294916
162775
491592
981825
519263
701347
913442
831137
570785
41312
670238
484201
717542
146164
17593
656701
757696
360586
900197
514738
66699
229015
754708
58091
513961
524515
892579
46886
354945
139142
837516
570185
914326
478281
544359
518815
96256
803882
491983
921716
205262
931732
514560
308111
536161
747305
705768
188982
231087
867012
921025
352033
262903
710850
419270
854425
893879
744295
595695
861626
305439
361132
543414
844770
911378
725698
979486
56564
18123
44532
332321
387548
954920
959371
947681
545211
130283
515039
530826
316390
716454
98612
678104
201244
934540
952979
546229
480135
36381
792918
808818
498652
945443
980768
95627
821878
72006
220903
565795
586413
737184
972561
672084
869753
55715
829822
709478
61376
154677
816728
604308
331073
161954
192654
116429
402213
715312
119370
665075
411796
225151
888217
321599
191555
724315
281754
691653
33226
696733
904248
766985
904541
253035
610130
299832
67185
812736
965145
779804
381871
621987
304151
442994
496124
260073
516349
211610
484005
934211
137897
318315
63133
186077
674147
814296
61778
725316
455609
890431
624765
644172
399181
898834
921503
672675
182483
130432
603204
211991
467759
101586
546264
34803
71333
175636
104700
947567
354767
769573
958772
161011
199969
425548
6540
605130
72158
445545
57721
255660
655208
837038
498588
228527
936875
955797
203407
199245
404102
699615
385863
819206
796088
521339
552740
122301
588066
554246
174866
779819
824851
603125
816905
202018
1282
264657
502422
613688
716654
234284
612917
607383
619775
869852
563337
367680
135274
523615
311823
822741
925379
944930
465793
790678
140462
45219
918556
437348
967948
548029
336526
660324
302365
912401
598917
787456
229958
703376
422171
363289
425518
396969
655082
715818
483261
303055
113283
804874
276966
151449
795004
897369
723896
511403
299709
135322
891773
833844
674035
153543
927242
895197
900336
87290
318353
887182
729056
24980
901179
628826
16665
619320
945989
369538
850278
964644
922682
710024
762859
372498
591414
958777
400001
604015
19440
77110
834854
362418
481145
970798
348825
474202
34365
672435
115301
882082
645210
526094
351796
300087
418
596785
463525
517554
761477
238357
911720
190202
426709
626167
357546
110716
124281
476572
117778
784676
834721
318249
820500
218168
154317
849516
562167
84708
693937
131547
601485
188018
51984
33668
277306
855250
114013
340420
802486
730594
968817
903324
906583
370757
988720
467573
414147
27743
475911
39756
566445
42086
961704
48210
695153
84240
755432
23544
999608
647060
7373
191703
730281
92574
460583
685095
321045
899050
231351
535043
210010
734140
470268
536790
347626
965321
889926
204633
752475
309836
987160
696028
323309
37831
182469
426317
482871
387493
307723
109353
966441
238122
355924
858230
267631
543606
494956
408373
649172
311635
977142
606421
221504
627571
285863
332955
346276
6359
405790
458381
67251
694116
573485
365829
852734
648288
829921
376619
649128
458406
445582
60355
428529
904402
400002
423953
411
324042
153069
385090
383842
870573
44857
73306
606011
944250
588675
24708
171296
952521
474391
570663
540988
312614
847831
102134
160127
511522
58498
349085
396470
94908
364488
178063
862692
659021
171806
92628
639965
904588
639085
431594
902551
368649
267565
868800
626100
298222
169629
372363
486377
877345
539619
871048
204687
793958
796137
252624
636547
680102
623051
156913
625084
106794
499315
727367
307932
517652
682447
838662
608168
41103
830040
601616
55639
659865
948613
585943
970806
756478
20688
517100
354905
105808
485939
26217
207034
484369
191182
858571
398407
672619
660013
451486
864460
273148
496120
438318
912471
350110
280725
136186
816278
298395
339279
934093
478827
299063
288105
975722
730706
769538
417946
794307
181465
563206
188920
454236
578971
93932
482644
26203
712684
342970
842819
867969
343736
583083
475464
208689
241630
329649
637801
100220
413762
428310
787552
830341
628281
606104
190395
824832
706094
797341
708116
318114
84460
663305
652388
953828
418860
521221
638971
841270
452460
290977
903350
406953
497266
42880
970395
354915
154052
52971
445643
887175
258265
625677
533012
354452
950095
278067
444997
167518
743051
712151
611971
739321
15079
328910
551110
531285
137504
949667
969876
785033
320607
613070
797484
294355
173137
114807
360962
631368
85536
205713
777890
443350
444590
200824
44764
638953
944578
781359
888052
197372
516449
427089
734802
69041
828167
551487
55862
627199
14644
776321
679513
66636
883337
940772
574745
487858
493021
555734
319345
940317
306920
528491
828747
857428
676869
793684
485979
405298
861
24345
933682
15235
699562
1401
645531
328193
203712
105608
15986
301366
632956
127152
596487
269696
920143
671288
223362
309384
146805
319036
536061
939713
44413
213616
844543
209990
766394
885911
548896
586132
727109
815200
341252
266492
895226
876854
364993
521025
43266
541526
274219
727827
114182
94016
4863
813456
952219
69917
947505
410732
555816
228615
967218
861853
85162
87716
621890
886693
358600
966155
753127
510001
248562
425139
476037
369354
968961
729390
845514
411415
599916
295173
209285
650837
856847
493345
406698
406789
824886
284689
761830
239960
116103
378596
15407
893132
330775
759622
688045
730790
8663
444002
862241
394114
568027
669506
788179
340297
923154
126348
254320
488380
163381
178033
57251
65200
228785
891802
623754
552851
681389
27572
718164
748984
958305
880822
676141
170460
450985
41349
541551
152620
318838
610523
348728
431633
184326
743337
136207
167658
549353
760421
57370
235163
320901
936487
55109
462968
669968
562341
995556
167145
775343
33315
298741
332703
676007
154935
157307
961815
358293
776621
308247
965570
992333
6517
429021
354002
995335
702013
866361
806990
902186
193175
710571
987375
144057
703876
373400
899528
584418
923633
141785
362854
315959
577366
826847
623224
45078
318200
613843
458005
277320
881975
362958
851526
971618
256873
241738
686751
239126
671314
147423
749170
100129
903382
445735
543543
778054
438365
977342
391769
961409
922745
307582
305277
89173
156038
488700
403978
570469
89379
206647
816268
500408
432548
812642
773438
551590
980269
742000
530120
182020
61117
215150
716289
146447
837039
828933
858840
583413
764829
578006
369198
80151
996390
79703
826372
342567
805098
631806
756068
126044
513398
542731
754995
316973
294053
827824
240375
488717
566327
447873
245852
554030
95768
643027
581751
402959
137350
822808
794225
966961
589371
744707
474907
35754
331308
938603
636572
558509
745058
779039
254405
217406
567163
688776
653897
312663
476051
388123
803699
843776
799809
792131
848356
108521
117007
371411
241579
498189
555684
998652
401338
187001
286429
772310
183279
8251
795020
153547
10857
676770
511441
338605
570885
591522
310570
794035
515801
144679
622372
549055
150141
310289
417182
682545
832022
941848
144048
755969
361052
362213
967076
420253
580365
690779
251251
443125
899218
29672
281748
454464
913313
336938
995450
12810
28175
333369
981398
495822
139891
780216
240922
976638
14167
264302
90138
655397
501737
539008
533713
776991
180486
845948
286817
340153
479191
4974
981588
474284
667732
611376
718170
447493
196571
512098
668206
501681
549210
266420
737107
84848
926646
230515
327829
271246
115108
633810
358517
589020
141638
861037
692704
845641
718888
17413
799834
192664
945015
483087
733956
910796
132526
395641
253158
502298
152269
45829
693099
852279
547101
262926
694270
300494
172638
399255
566025
116116
612321
749013
750443
289953
427298
868221
805101
909971
316792
148563
491120
412311
625210
176230
34075
490235
147814
599810
606321
690174
972883
223494
107246
376488
190320
618515
953577
388842
752839
181731
688602
225086
342723
344394
6173
215460
307356
965286
885526
863255
68170
961965
158283
866968
160293
397881
603247
824916
259173
786441
826655
224628
768963
962586
792552
122705
8482
279248
445380
301309
385298
850081
101559
803227
759971
543545
765954
384789
106457
36927
471369
883397
471511
733759
595770
433978
697063
603873
709593
288570
448431
177555
753268
988567
802911
725884
128404
190376
859237
191060
807499
280127
449228
60629
964031
370652
828634
716417
279384
103836
917411
469503
256129
604004
710577
381786
104612
319689
471904
521859
585153
690649
731899
974475
796336
837135
30064
725064
28771
684259
894567
76150
514963
938460
127471
671640
696020
595436
576243
421433
165873
166191
678952
586234
753412
401268
817664
722457
490407
75180
745980
544310
517347
435887
55677
907900
343031
602509
309202
779849
271899
779111
153995
825085
697787
247946
766020
239627
223831
3237
742286
753263
382766
600179
785548
851131
793117
430911
754180
121197
65066
550179
40577
539420
327896
618565
564472
802941
993770
120891
805027
521654
190597
492703
915575
843609
237701
478844
875446
379315
196569
47935
117689
383287
3165
461995
570528
844457
862549
587177
794491
798704
576352
411809
432813
847450
191533
711732
349714
126907
220215
238916
265327
885423
156242
19129
220008
711016
932303
612525
714582
485166
945809
379214
368813
75099
51860
925015
770513
858159
945467
500528
535631
796016
170718
378719
115986
473160
796735
567403
649653
337342
90646
999817
822152
529029
49754
414916
499646
339942
681626
283447
255453
32415
728375
314530
640842
327602
688795
47451
957855
288145
358434
852034
194870
549663
637696
637708
695332
247736
856118
858314
613659
349065
850758
121277
392169
210549
537054
977247
628563
271410
867539
44157
382236
976708
511686
305080
15654
386517
122951
549460
131419
783028
239852
159525
316386
288170
879300
977225
950734
121224
597698
538674
246416
379305
432606
314241
662218
249902
141197
338868
565479
240739
336583
293215
757165
434163
322259
918555
234011
500409
18598
585448
579921
584771
339765
916127
190595
378221
751052
875886
792456
84455
382697
216894
993752
502500
565245
687214
707342
97478
251060
230225
12095
495328
262599
880687
706410
128659
924721
598236
413119
367711
164357
801210
856166
974748
214484
787266
86370
958729
57565
809313
902488
431564
397058
139
8225
677304
462156
419080
259929
93227
81164
510639
806730
472457
790029
996364
975660
909443
255543
333144
358864
711461
504468
19843
769339
982302
686823
884050
543906
443829
213043
793831
45856
159812
924926
853059
771762
841168
434075
777221
790228
162560
856963
972805
140200
320585
243367
266532
32533
380506
368066
736149
689672
581553
911969
329399
704599
591311
241426
84509
864211
278555
124702
58711
287715
507214
320576
106885
34726
20210
54466
593155
198681
722203
214708
978936
905395
393961
619650
449287
287879
190929
432758
362390
102836
594115
28292
186419
903245
623773
76544
208448
857997
194430
692904
759096
797138
3892
54477
160038
60942
163646
478799
388639
26176
426162
990370
308819
818712
158728
561251
302051
44588
625416
450279
14640
622353
133209
305701
439897
154007
200791
865725
480694
363566
322901
128658
36894
157579
742535
840867
233874
523700
911044
284931
40013
865791
68652
274555
173299
249022
178404
303899
603765
139487
918154
780603
273995
933333
154205
665216
169186
529842
416295
579087
421684
339654
557536
607666
287594
910613
638154
663602
943793
483141
313756
605120
41845
978091
362243
90080
111442
437155
92772
650254
856107
892802
113234
416866
628295
345318
943375
126767
659290
992660
705853
834667
505778
812295
199188
699103
285156
559164
801242
535891
761808
972131
33573
953395
250351
50220
907737
396079
144007
861080
92672
251793
238532
779342
865157
795438
700995
516932
87773
652152
808028
910872
794835
818336
197354
149003
123977
794422
250068
235375
763954
938681
361861
622128
861439
364800
690956
225144
242486
436113
894382
496570
674581
418033
720855
804048
530221
794813
396583
306876
472471
469220
471125
531402
715849
12948
27580
908915
186935
718752
793959
116688
596788
753162
286289
55814
376817
872973
954630
57773
284702
206946
979258
286495
661958
689754
447193
365361
603901
172841
435642
174952
832580
306540
225419
739137
621088
563180
487343
706392
847597
121044
757089
933594
567502
519713
827218
216694
862666
707428
289170
779866
122017
353819
134482
252642
923318
312575
365144
168628
992232
934647
745218
984641
606790
270924
39103
767262
672562
945514
378093
732424
216446
553137
852465
116063
129757
974597
303805
377441
34319
500410
458368
339843
300298
415042
837386
431161
65399
947803
834243
480391
888827
770118
279945
472637
507479
897509
28039
47598
145864
622335
845864
962825
338786
140165
612824
111302
626387
590390
927533
365133
385267
976809
812726
350238
849445
603708
69273
169227
547317
833029
995935
777198
180845
744233
369617
549081
675530
235183
762100
298619
856687
304475
632996
489055
80710
223471
224554
847319
180625
517762
308162
913947
73306
479264
200149
824646
417498
652327
141905
815820
595219
837316
203795
953550
273470
23875
40902
32320
462749
427419
743580
719732
957906
517309
463565
140078
981338
578399
867348
78423
668666
190860
500620
507988
178503
561531
778364
341362
48170
864316
438735
82624
508106
954349
561091
788040
560618
881915
625771
197551
898536
127868
785276
561389
940429
426303
503881
29303
452138
872812
380564
249419
611734
724885
417208
952502
318452
193267
140942
821324
341718
48467
338349
689118
410435
613080
795786
846945
237197
865568
102259
349684
838107
198896
771966
100646
624101
511807
796719
188228
235754
664615
679969
371707
496020
828485
840153
194320
637273
55939
153114
957633
89522
791952
299482
307899
881431
666249
431355
130872
844399
505834
805267
30727
59021
982087
34638
912514
241365
472964
913289
205417
770987
12830
239684
733251
750540
293880
409629
362550
576769
794946
886640
509807
157745
46741
111818
637430
412204
811561
342644
582188
294239
708684
208288
280141
682516
126550
812902
60868
295542
110558
722985
695953
702810
62530
468030
267795
884566
943077
790495
149009
493373
586113
35863
219824
7671
611152
83081
728760
290723
601576
513759
120549
905508
471731
237383
583339
972755
602251
981640
471374
263815
778573
395706
225706
39847
820189
869023
569227
119875
397278
777960
958200
948571
990472
511272
424872
372641
489258
676517
537585
389963
669527
98174
448373
872167
306187
702623
971450
142049
80051
601157
183956
594078
214673
99476
68756
987619
519564
335245
787440
621042
863244
252197
134996
694500
331134
661709
164044
6088
51372
546844
111819
151190
535483
648443
288836
316018
885867
160931
999577
852014
150157
328873
865026
221230
255927
956730
923373
463575
820495
992299
335887
226302
492466
591894
295076
767280
303331
767174
824313
611291
470306
539176
196650
637038
225991
122529
70264
207284
12917
796639
956394
653124
16739
622891
962721
156962
670118
964561
575338
967537
214651
618534
375785
235927
861096
264614
328933
134181
80396
228353
396307
219837
936533
524080
144529
4573
745668
80100
892886
519024
623294
348464
745409
504183
379917
509587
861388
899500
454027
553647
511763
543951
761537
105217
765748
127689
676109
198560
532122
862130
411211
678063
757960
846968
616300
366822
259074
170137
695067
935857
387169
35324
470858
325968
804123
466434
191551
207664
590194
121706
257232
198165
731032
208045
684373
852165
429272
302062
619331
830848
105218
229469
4224
247862
640865
645034
96134
429668
727164
298481
366281
530741
778934
826627
270645
556693
356756
208806
787506
820093
373439
83309
915856
688492
880007
21061
950002
476523
281439
344792
559101
359458
447433
48242
712039
917621
116818
383226
11683
287333
941836
977247
58570
381335
238140
532749
938339
904464
820794
988751
688810
187051
525645
285471
478408
504744
13504
397964
614490
30138
503072
161589
321210
679390
83460
961634
7560
407019
254222
67563
541046
871764
585568
858552
149578
29697
745059
779878
305897
324760
869735
655312
898337
828983
825495
984750
839164
296679
219754
278138
700487
147354
632569
930734
664438
743924
784942
701437
690172
148712
256460
416742
633214
997429
275472
995499
759238
190945
307902
332109
153626
544402
158777
724376
159576
756077
535249
325901
673874
588576
490208
518918
334524
526299
752315
683008
15318
50363
19128
708331
801821
410513
176494
622142
364331
158820
284609
12557
951157
815246
829172
627232
145226
335736
142768
917802
716716
86059
479331
898944
815652
796708
215976
773208
395564
792032
971496
174825
955733
154633
288368
852227
351641
550225
602981
951836
246650
964815
541715
952573
11541
648223
143886
899015
280510
757606
585601
63577
155294
867755
324650
148630
113669
357771
332207
733758
801718
546238
622698
289604
573743
237814
825744
279382
646685
552647
39287
413969
358086
91284
941391
332833
887702
641427
9891
355611
374883
984821
762846
895317
616869
48453
464612
521827
416386
126136
912489
178283
875256
411284
764913
509827
181407
330529
538158
944494
805437
523100
160606
13515
125997
786986
966653
545390
38990
975706
220674
464748
787921
312979
144719
695692
639562
872225
650701
26427
667174
669540
205825
329627
221525
154783
459533
24762
618028
302702
791588
614505
406906
267702
121292
968995
188683
734201
977374
846897
70533
450140
103099
304699
526462
59276
423865
779283
502141
691923
419337
481267
365061
738155
737840
553271
442468
616142
818753
817959
84729
384347
481554
973046
495136
442810
459009
682149
407198
961725
253068
311646
424620
830937
759512
369932
635857
22751
615036
676060
260781
108277
686038
70477
329755
975293
966605
398390
650781
692057
141465
568654
721534
801266
717621
75975
125639
41463
303705
901573
200323
836041
116446
925767
865982
979886
705000
980724
583924
788908
686589
417113
774105
752957
215364
719981
700369
447226
453743
557635
903561
824381
123516
607567
692985
342224
457753
768638
311992
43889
811220
889985
716771
541119
749592
43971
991514
641850
254842
760928
798938
955319
368608
167366
57589
421694
18754
939459
67402
490551
206524
941528
937757
162080
888473
621059
142070
284684
141116
437412
44755
467757
802967
636891
560653
383810
935288
165923
840807
379546
959240
704473
561439
521720
814096
233432
522165
149426
122472
186181
750494
964362
373031
157516
64722
850195
902542
474083
186649
22239
358617
616651
347341
782661
548823
840265
477103
855353
94635
466777
933657
829116
963764
243544
765890
49997
239454
161421
310260
567182
271480
561035
786400
405723
128173
639561
360857
183239
475948
347621
895675
932709
182882
293448
425896
861958
158300
966389
470523
432824
596168
897459
496933
795334
147808
935198
319334
349128
690392
673785
470794
122123
104437
495842
251630
540195
19525
984909
906801
794504
126735
286165
946371
651724
751254
381089
704972
241660
854669
347550
673805
676154
292212
143026
228886
611063
289880
850051
294873
568
856261
506704
815897
280214
643233
875746
822990
906963
236227
785687
984950
393003
574136
59094
775862
371675
36268
603842
985796
846619
976471
461416
267378
488505
860719
330570
396658
80677
527509
435891
29953
327279
68653
595974
222890
73775
209008
16084
3219
598231
110033
516470
277382
137931
159435
635377
532692
313038
862361
34697
249060
248179
374773
66914
367759
876812
411347
564656
858108
355323
29018
207558
574928
551828
605126
148993
878372
317583
453211
502061
348650
771493
689776
77513
241533
196081
743854
921427
572869
18359
34302
748249
763973
55037
313880
740014
263409
162024
428428
918371
616258
411843
205554
39877
250815
251592
875546
98775
571770
102712
701767
939439
524494
395500
321099
651240
451554
15368
694485
961404
798848
178683
686996
987715
120128
105096
641127
732847
673851
86128
336784
459600
322882
184880
110353
346108
177543
725917
413886
323415
802275
247925
493870
695683
905889
458754
612132
713734
588825
16224
405219
540761
798982
444162
443353
917052
825771
188036
649819
788167
339007
601975
813789
96345
657713
509776
895681
874243
681320
382418
9169
503127
984204
13779
239952
741481
775953
3510
430843
141628
649233
893636
524548
172441
553102
219771
303824
505891
175853
556878
109396
449521
90901
866944
60480
474721
607084
694826
864162
96748
681047
709060
716318
907047
268532
990569
737327
984407
567889
556430
956017
470570
680903
651232
332531
589557
315239
886281
501594
218908
530192
301016
424232
283304
856520
191321
493858
569805
740891
191595
450278
422235
472025
759345
932200
540042
119322
798078
668079
751521
952060
655804
585908
709964
723209
762832
969129
698137
394911
781630
332944
864920
822827
252858
595531
833841
319159
950141
567754
641016
834227
715193
14639
92568
385811
594404
71788
6847
675369
432776
365072
423396
517925
119943
774765
837214
537822
463628
327382
27161
357083
703288
964016
804481
563800
250685
725340
653289
247942
136457
541349
916725
678940
863106
257141
285632
516647
511817
819944
894612
287049
513357
101750
16902
627797
519467
704633
847889
994809
948262
664339
389280
822000
407856
378706
100967
120985
910649
47484
737423
758022
123505
870304
385457
933418
804060
564276
208559
319225
58684
764539
697414
367301
893990
922030
902846
518863
173550
609202
994519
452030
201543
519730
329973
340110
311511
563825
104043
929773
55176
435188
419796
212341
871549
286385
220042
534469
564701
367165
714274
332805
227308
427263
256509
487397
117436
206833
988342
453695
356966
456507
189747
858057
367902
89298
327841
681930
975603
108907
90668
873985
561016
276172
925312
568866
892632
195904
156589
201487
869874
775824
633970
512966
704587
782811
860353
86030
131624
955008
281379
372422
80803
454329
942570
57138
463152
664819
94882
764645
807451
867519
741287
426390
200531
779588
354149
318529
769561
254623
260795
235945
396368
119061
318320
724327
406192
126171
121721
67605
260625
259486
367394
296815
122468
551600
935342
354538
888155
824223
846213
140874
260928
789292
285627
16840
583901
25635
299066
919827
696675
313786
855787
681866
859301
278318
446096
716299
914830
792639
913200
304211
726254
614715
712908
779214
700819
97952
951243
885343
972417
352735
27883
476270
563264
93738
508544
38312
936219
818619
263861
928225
246638
881799
859936
548481
147177
485008
252694
279837
924650
755576
371648
210578
408280
631426
601762
507702
911700
982158
353984
877700
95017
949682
440300
81478
631987
147798
223406
799652
564235
993022
854354
28343
156790
517429
214158
633516
107169
846110
304151
567034