5000
281378
628365
641797
395017
188740
266217
727024
387299
218352
362369
782112
372551
387871
46998
320115
363971
55013
94631
172991
50085
654450
204508
689093
231057
779573
673604
661204
261841
520077
387027
900988
340748
344272
33171
684832
538205
904927
671095
194840
509673
725671
869242
788179
70718
179306
943243
734716
736427
664667
153718
580165
436392
740294
883108
312595
749005
871460
672666
121217
985153
623915
317596
768939
851558
358382
798916
492520
783386
494525
345066
697591
825718
58247
299144
164291
96243
710171
459137
187450
88490
877055
520296
156909
133211
903966
919729
357113
830405
688537
850628
712359
828684
253714
122510
241265
214175
166450
428898
89376
241532
386368
975390
772808
367920
354824
803565
7925
266706
861357
77377
265148
393029
894785
861651
768999
658107
220763
24636
565507
753253
36209
854307
130624
379595
494839
508300
525841
710021
749586
863186
633549
293486
411959
868616
66764
287733
909904
287231
601948
924379
856294
493185
303937
813188
283444
967887
93798
818384
409952
871743
100834
442253
73324
170556
198186
385900
875968
770206
907484
42030
201386
708583
959180
832275
779565
857462
131152
597308
402755
562178
288144
350203
484785
812307
973809
92678
168813
734250
854563
439578
500449
177800
904399
21822
239431
726498
568064
212307
872044
671272
464847
128812
946840
865606
925623
166391
600996
972777
879617
966540
738858
402067
103610
319553
789231
924707
794049
622457
254188
355308
42609
353936
467644
838502
467085
557008
554480
913482
675568
623567
991066
39010
86146
367132
497849
351709
568087
227115
945590
532893
775442
14047
189201
719519
587405
957688
455690
676895
101009
608874
221759
935153
37409
486504
444529
926358
888555
127414
304617
419934
424698
657685
714293
99481
824645
943033
573881
681884
70209
797731
961934
852688
363819
447723
840172
681887
272339
832472
790283
28419
14514
510845
516536
626562
52311
746033
89070
756059
790391
33257
492539
13584
718459
740971
482112
643411
190381
568773
279377
560013
121633
652575
981048
449935
108402
578017
375416
438702
235254
881018
329222
5752
805985
621755
511202
962509
788469
286217
918877
495098
241618
643592
552758
914790
15967
879899
339388
776593
303962
486804
452110
143092
762741
718378
688620
683759
586741
872665
147346
870954
891137
313368
673654
851822
331625
225197
492859
389675
852929
606284
200296
589741
401481
608467
436993
27887
432104
257819
67754
147526
609138
214095
156573
973909
149152
238177
768179
635627
131812
482949
876106
453532
146176
814372
688217
264027
349124
267418
985472
161915
449484
614816
871366
246926
147830
536083
526167
209131
407853
406879
646007
180877
181957
345232
612450
308288
545230
340313
927257
527909
70981
777453
502394
144776
117853
59159
815151
909435
375286
172419
726086
216277
493299
457514
166601
339345
242059
102942
323809
239766
766908
233199
241380
784012
383809
851925
320125
799020
928420
186053
299586
185166
594496
557870
696570
751216
984476
143446
47452
862417
90057
94098
558710
855089
225733
526003
325825
683813
894304
854500
563284
779113
138808
381117
340964
196137
992572
694544
973698
292428
173195
991367
705540
608009
398920
244137
97166
630138
311503
656294
699161
23175
447846
18935
771008
442509
435113
29357
176383
355064
452605
828322
868882
929265
772857
340910
496799
812365
448251
206855
358060
950674
835873
787891
40952
864411
593628
201431
453086
327402
329754
696893
509599
96965
288480
382053
691704
84023
952169
447757
312346
986990
627122
435479
942880
157279
279673
882655
938009
617209
801066
472234
456946
407089
57294
725082
499371
946062
232411
34802
756088
558797
911202
69233
682875
558209
341892
15189
946477
228673
32213
121671
664494
442342
264595
391133
845418
653479
487798
149431
806413
521901
433442
525076
465859
363670
860782
658714
89013
339113
645927
92958
39552
331764
235303
671143
792153
255566
416302
68046
750781
248079
44513
662821
584276
545631
834691
867114
919553
881498
614200
922581
819912
195178
28518
707649
304071
355688
991553
467162
755465
31449
7125
835571
353631
315203
887260
717160
696817
240726
270919
463999
568817
737777
5603
459108
537113
915768
391695
314231
162918
421114
453907
919710
1003
70047
768448
115177
381328
342251
243541
110880
708240
729385
771562
442724
791600
489804
333860
318822
230462
423732
47395
876813
94878
289116
790911
445854
188849
297211
681555
170790
103957
371585
138474
331498
765534
937621
337889
985645
299486
429042
384903
87693
41941
438386
105991
327041
804343
940363
108046
775089
704294
281728
412799
285652
429706
764872
152815
480331
389032
483058
217103
129409
992517
91093
455757
189655
936696
52452
635051
661192
465088
193692
384788
591883
759656
810922
612320
887454
246540
22148
160923
388857
617883
915682
461828
47169
83839
334107
50340
641951
771638
690552
180968
89554
9647
764147
572497
635459
168109
750881
426445
312545
881202
974059
974530
812657
859047
373489
53583
640634
472266
64003
855635
422267
524115
512712
690395
463935
735805
886196
187330
691984
335663
650986
348716
159735
20393
679661
3271
49192
186025
984915
307771
890568
230076
509438
915135
621551
372933
977672
934610
540150
327406
353653
775052
108247
116766
674476
886163
106348
620759
116530
491486
47399
108573
633546
114218
157645
352876
65378
302530
100871
669147
867593
950993
986049
275515
153052
118133
386064
799591
35949
904067
715178
594556
162596
608279
837642
122422
911234
991531
474902
726613
629404
543307
956054
701458
229372
919459
115035
511676
134420
832467
389608
698405
674991
956370
810424
76497
433217
642169
580918
20762
502533
950642
275235
190671
76209
195956
75933
394032
693613
623484
293705
586991
520682
452760
839818
300199
518282
727234
7276
628724
424331
479828
185714
53386
135253
232761
355617
969065
461246
461231
344372
873695
720949
317146
203071
210640
199441
369303
134949
675410
780632
50027
839465
326191
459043
703061
760714
768457
395356
81703
418518
694121
450856
135467
100378
344503
104240
94920
488941
386546
73741
699577
81662
477044
399763
234568
965334
874096
328164
617478
302995
81781
708122
785412
468549
775272
935411
325553
716902
84467
62428
546670
475939
124827
998705
689667
531540
833394
257042
997028
472374
932517
567745
813282
500570
757312
982547
890420
577146
592029
508582
560528
700512
837350
88145
458461
270386
279334
465882
770301
625672
428853
613981
169516
627277
856257
203572
775531
130333
825991
995439
637003
224493
621526
499437
339472
204032
363195
687764
484229
284715
68177
710078
167752
286225
730221
720335
674182
407277
543536
964941
616575
183384
229785
861132
367508
528968
207601
55605
449150
670593
318986
480280
846527
659747
877111
134385
155205
858592
765081
779961
35393
306971
240875
152531
384057
846920
430040
280388
74582
925832
27746
52240
228506
260320
825294
98023
120646
130732
645937
742272
90865
358341
122390
801422
543284
320496
156927
384609
182049
974687
217762
205924
412732
633920
604209
215004
58852
163623
49472
627015
684808
36312
775806
946745
143049
757789
637173
837535
840718
620801
330818
70670
151860
557085
912293
450466
900647
66953
934262
362631
602748
165152
647888
319462
940249
224325
837263
876586
281204
139326
8862
522247
379801
676833
552260
802968
349842
921095
769628
92079
774682
667223
416219
399551
618810
311515
861710
199827
770961
673714
892567
507271
663130
797126
375190
419875
763824
462425
585367
744003
16236
720200
419840
618801
187489
936964
733768
418465
465829
739000
827746
142706
598404
132794
613380
624239
575233
104009
482288
186167
923790
892044
493411
66128
732891
562390
596925
672695
751570
572690
29691
782830
892774
62304
726001
322914
837303
787017
739745
304003
646654
336349
889015
351857
251694
170603
912273
400019
630362
495757
641503
67291
326450
901190
18473
215013
885182
645015
52589
193153
531823
134172
381992
719912
687798
169222
188955
683319
841678
354684
238733
520161
784379
978479
369284
922139
147011
46035
714018
889141
564376
99753
194927
544370
194995
194072
338759
947621
403044
982517
122178
664378
19810
626533
685433
967929
235031
931201
309713
261870
708786
323661
484682
213183
870304
984064
536228
668193
341977
617127
48589
985841
976712
939193
725621
730591
774910
265
769348
994549
834795
367947
645031
938389
523398
273139
638890
874954
94999
647531
94412
87514
867833
647391
864792
351122
596079
579479
65942
865308
585865
401887
124203
787766
541159
587289
522231
41798
993262
335106
143552
778912
523653
195594
736668
782226
965320
396935
561789
755051
502092
441139
963606
363944
840319
911950
125330
185919
12941
141371
61836
630826
298655
900675
872706
449516
160160
424388
391104
911808
163214
626509
852905
644849
359692
10247
648548
900485
697672
951224
992310
478492
475501
611443
983622
835675
675503
901778
673850
913137
675813
117574
280305
331022
932687
109973
167757
642384
449796
960378
499196
755470
50109
826879
348378
872828
977098
955889
393480
561110
460279
445311
225240
610223
965538
477582
307851
306322
127568
717066
191320
405801
25625
309550
286330
808975
860481
522749
345537
416311
461369
83272
715073
550393
11234
242932
631886
418549
158372
702523
9685
501316
190850
859904
249893
857361
248156
610881
52193
631065
300031
481283
146214
559842
951360
422780
308733
952330
659527
958732
671719
712568
839968
486870
569528
786426
733381
888753
296588
852419
477605
938253
109147
835563
227959
685330
150089
888086
282239
992343
599147
787763
467622
475882
527176
249071
925495
639489
612852
206828
328106
338001
416367
442142
613732
830051
203045
577037
663103
653960
984428
580900
565323
987496
743522
239508
400711
577733
814076
602416
634614
655572
923387
832008
413139
633762
950838
810471
20683
669948
65651
957826
525107
955030
290636
904807
705145
272656
148882
11517
615629
627216
810615
377711
618866
745065
782915
842729
279229
884181
605523
672510
462702
933860
794736
540474
469955
709001
657817
71127
256223
975391
475945
264426
384587
171263
640759
28599
88005
949320
647296
385398
572652
699819
603853
203174
797108
956551
942855
547673
236416
749833
960278
848538
701123
976750
554211
57977
313354
3037
992577
639719
670305
529770
525311
386690
119189
716024
49602
36272
611485
622435
221313
563919
906203
980778
115513
260204
435695
820695
215028
937988
14924
836596
988090
888631
208201
95623
702412
3005
106216
67785
127828
737794
25601
975385
792329
794941
537936
203981
584053
63060
999704
473894
704516
567056
838330
644982
216112
876615
279981
977769
217415
707543
767548
950103
254397
186208
175744
38443
597009
832092
332771
732814
68615
435884
52964
158657
446935
174754
453452
87655
60509
648735
983126
635202
51493
9014
714723
100692
773727
148788
917933
404434
173213
925821
877784
692850
245286
637177
382470
557754
53612
145089
726778
533870
215908
722290
693590
438341
222719
283420
331582
382386
960541
904473
410538
589
390908
794665
379784
410302
859878
808932
989519
882435
548641
999380
889020
816390
842387
610276
183720
545163
103886
790694
346319
829227
925520
310602
324299
920734
86994
238257
218465
463306
236709
758600
496149
276772
420547
509331
794103
151101
888276
946801
285157
32773
840713
476401
830791
190684
85199
965213
84454
831708
26721
134724
623467
879014
136888
843700
747140
990096
959734
569316
471503
904155
343596
757794
911347
343967
367884
913366
762770
845551
364056
945364
149662
484355
252781
847080
941455
67538
385005
689430
25694
595814
37156
656463
855320
741674
936545
268405
71362
846005
169672
797543
948877
245792
115470
986890
343039
297187
586817
331074
366056
542072
460293
256523
735873
724424
572542
708238
501287
814770
584042
313159
804972
278515
465505
564543
458529
510332
793644
132442
447698
149515
323316
441441
304365
158572
844345
899519
406676
644821
333238
109616
15631
718811
347563
54342
114340
725407
579607
30929
631974
915984
305855
818805
946114
494240
704815
76185
270847
667908
352422
824846
874349
134603
106931
686141
735941
633613
226837
489812
694245
794312
34374
300296
662888
432918
279217
37076
933994
762399
232286
330354
782770
633762
164842
994248
580850
859408
308945
19804
592698
213780
178775
111489
904950
908689
199887
392220
478480
268051
560418
226654
928845
670804
637292
848019
945445
782326
855874
320899
887256
177821
864527
208454
14950
979642
803168
384720
573173
825759
184213
356477
250266
238956
920888
114005
876037
691282
66840
549164
150063
139185
374511
580585
951763
237162
556609
958072
421279
317581
827177
196297
509145
260177
368040
862920
918127
196617
525114
801468
185328
352272
633478
980557
156082
676815
598330
354344
475910
735890
258316
655682
51106
701776
535537
342849
142444
796793
784188
888178
610630
33302
373505
819507
115641
6769
357294
576106
390757
124033
458921
78755
940146
546164
140893
659012
364026
498705
286127
881947
418839
208837
216236
534631
408280
534215
480756
370017
998948
736300
967799
670151
105470
173936
91781
768294
856124
465475
803156
374034
892654
699534
393851
274590
55269
793924
382825
204378
712741
905316
927671
846234
784055
963734
708080
208285
191917
84926
973048
585357
333487
993055
445318
509434
956772
89053
221469
889840
613102
616974
650223
268260
447970
189502
762257
196240
50365
696460
821579
157716
978091
691816
115682
420340
21373
376522
769726
723555
865521
756327
440284
500698
771331
975544
526519
696379
951216
605415
48200
85849
377272
799607
55150
678851
575563
163944
51512
701769
678339
832094
939779
973129
844644
171272
142135
900627
230462
565505
188672
908226
315279
451781
343070
302924
536071
983208
92136
277217
599237
7136
167722
495828
495598
603539
518348
772301
110512
571733
626471
711918
922844
779444
363683
364721
419928
624356
52648
630980
834823
530990
98049
215937
149482
18295
379952
811034
688533
57088
243894
847736
657353
871254
809929
150220
110787
932334
805510
334641
23401
743706
22537
885663
589430
67391
157436
228975
159637
152194
766197
509708
894870
866985
949760
775568
746492
588953
498974
338611
926999
194519
830665
973689
77127
619241
925131
896650
556738
744684
369745
595387
74832
524600
857014
254867
101194
20909
877142
78349
758301
700047
100755
758406
680243
466730
4616
916275
302908
970890
411136
634133
189758
677200
777492
362891
239287
708045
539645
29987
231400
140600
988663
839072
905304
664374
794656
173981
389973
933731
653615
875662
197160
202641
228957
698803
854737
857692
479225
370800
113615
367234
37021
182372
15460
232998
617279
103609
161969
565825
606601
645263
632298
827106
720844
326727
594160
597133
123050
556923
846166
599156
544830
11607
176650
962526
626457
430292
400381
526308
136736
904839
899193
509209
434728
457532
223025
513497
313839
830213
518898
675336
841930
889506
962609
328754
734117
856765
852690
165903
731754
836389
152711
450704
574633
867436
184808
104109
258104
652606
631967
572239
124392
894765
885064
908344
470673
431983
823196
574863
462917
989758
802522
239150
616728
883559
1796
688682
61624
604497
430178
160710
799137
69839
642943
602994
803000
638149
447309
23346
332608
62084
256014
121567
98257
347372
9977
597053
137754
857861
664377
457197
362029
432000
325544
185906
237031
389708
975279
419000
107208
945929
343976
567355
236672
646257
571570
968109
156029
473558
818103
592351
953910
607032
375349
635487
169816
866240
769849
452923
558139
487879
819036
826608
70726
44289
793853
726239
65686
372126
379152
805937
198313
141845
694044
918647
182104
737453
850893
224425
952567
422859
703640
759831
275152
431265
951959
146557
737139
358740
2945
749320
657741
265406
231504
886293
686732
715619
753240
429556
995706
369582
967935
39360
90113
48628
89876
177785
267426
833320
37564
344879
913577
825907
710770
486760
519682
170528
544623
880398
627767
8152
829439
484876
596272
201635
670759
532181
945244
153699
226130
615562
643585
210430
436957
760100
766718
83226
441369
300629
744685
409084
144864
628415
506831
866417
590536
234668
988395
790230
882387
84125
930996
176062
906337
161915
246248
938897
582820
706142
14660
66382
63727
527239
816706
306910
796675
169080
639311
642780
572328
767300
955897
362658
729161
344929
905699
636605
667199
76594
251191
312076
76508
730032
783858
683245
823813
821131
552564
263577
695442
204472
331037
907938
959363
786004
319949
788228
885181
234557
726026
320262
796151
844684
352229
553082
549065
308833
261963
218250
438488
701123
181998
766704
179856
535512
225825
342448
627120
819684
766665
809779
298587
140978
441996
765419
330674
477409
279163
821313
947412
802447
997511
857615
6735
329309
114528
99388
73794
64485
827015
99821
33244
895784
368111
882556
45472
109809
381812
940293
100192
464215
846075
652444
324365
881357
529623
178693
996020
708568
109688
718882
833456
649944
632377
46583
717992
514516
581362
42254
831563
898474
581222
391022
987532
401155
662748
263176
118790
676890
675861
314753
717208
499989
648063
785513
42433
16217
124637
618713
329218
94006
217466
251198
164645
151097
200003
549579
843281
770080
792396
754814
755734
473115
644541
590172
660013
602821
38000
445836
91028
834429
53623
200512
141337
310581
295049
602644
170758
941458
793439
708872
619445
247541
292985
805464
437160
248694
345188
750084
688075
288402
902618
877920
870359
488365
166062
539075
882284
502136
568044
311364
89520
143704
784655
30288
613627
806449
413228
232956
298097
980655
497708
402845
18816
376424
536817
361857
732811
985348
227255
523570
817149
543633
657320
886110
309250
979983
620112
93400
734113
399007
652150
233084
309411
541134
748938
630272
115288
80503
950804
944109
873663
770718
740600
421718
736323
776126
338094
637619
512103
121617
971035
685652
97801
100630
583206
407455
916446
698730
508963
589168
974474
680839
395231
287864
315163
367603
533739
355645
738758
485945
903702
249879
679561
279213
917285
693143
968110
13935
879424
444243
830413
930177
61400
183595
742343
339875
635950
836450
377860
136710
359616
217580
134939
882691
323546
369297
283048
114409
864194
950714
968667
377045
644939
555957
303292
384938
229201
782885
421667
22489
286550
943289
878927
600931
168369
899170
465323
478964
430962
282720
601925
754211
765895
134820
193720
616695
743381
994557
390355
52981
119212
983388
848635
594175
20558
441182
978574
117442
846981
539789
288982
303784
49275
537190
752638
347053
474018
951263
71606
337597
391775
747731
558923
580861
433637
964399
987373
654974
112321
594871
567722
717319
338721
696948
39930
539197
950730
567725
133400
420559
304751
979925
732953
267263
524653
243049
604924
396738
196018
356312
741271
794371
224676
685411
410208
540082
734303
545222
433171
952089
482077
824069
46693
231756
735292
692995
283291
649542
996673
146637
543053
344048
325462
654932
696096
580747
863673
135
106403
776765
285589
844574
747651
684622
537202
744555
724971
366061
984592
724610
868207
541956
832233
21103
326859
530456
225359
999961
578942
747878
490888
154494
306530
388676
710622
995451
931125
290509
473896
670579
124853
423514
617476
71744
854816
160262
96069
436607
107955
798918
677454
4581
540347
312668
500111
488683
845504
137447
667687
560676
234142
945259
248336
710473
10661
895671
548118
934265
861872
809775
507728
231548
349406
912233
735148
901762
822812
76142
198649
511787
682185
348626
545950
409572
490200
710078
809269
398553
199411
283610
611300
56554
594573
49710
217891
681018
653563
476345
842821
277379
700177
638436
389515
191961
72126
264329
518410
837571
325122
123855
161002
835703
400432
838875
649188
791744
418384
190292
355675
874457
802138
813074
86368
864423
919744
337122
888529
431726
565759
360029
477857
738787
173047
859623
271551
113304
323542
190152
965182
975408
132233
935688
572689
214099
688807
629347
585412
206670
518620
371049
467795
64588
943297
996501
672964
634464
135767
156950
320599
865725
43353
392451
550309
530456
990557
379959
790011
831045
956136
554183
942639
34194
938612
908220
344887
888368
125356
90154
172051
687661
704810
241425
204537
660729
614571
525604
12017
79368
779942
851372
645511
186505
541600
1516
930306
745609
946090
24981
406813
242429
728675
384676
940533
449334
41971
213852
821185
735525
583216
745864
934983
759000
482497
448970
504181
844101
16487
475906
663720
176548
755007
643702
58698
174332
668247
399701
975477
375459
76748
499491
788808
316785
544768
356359
327740
750359
313195
789588
134219
757782
238248
822920
769039
579351
117016
379145
875801
875982
840128
171144
25257
603370
767400
948192
712345
775773
207045
937451
173485
491826
388209
755742
640165
127241
290439
45111
822069
749844
403061
805560
178639
209918
474866
984757
574625
23550
609749
981815
66160
809655
846691
113161
515955
724774
805857
241988
550683
401352
666138
731458
612028
547870
298807
203859
98803
571664
851707
612092
240982
185995
844255
132802
213897
269731
888867
403703
678877
615292
401982
240748
595787
617246
103472
484522
990846
72978
494515
969651
91834
787048
607776
319987
800829
857762
307162
606553
837704
435336
238554
444875
29913
370215
406802
12668
868410
382537
932571
219910
687275
160203
242888
771530
411478
44106
185937
879595
741148
274366
852247
561443
879656
248286
827782
694688
735108
779679
60409
207105
269198
301266
901182
317031
28210
909386
740592
244801
173377
289889
740957
673601
192390
168439
880073
279199
907102
898964
590703
946843
99904
498878
479374
130908
790689
671620
888446
38538
244543
620209
703080
296180
898132
979768
343392
476861
334489
675626
196439
827155
14287
349555
719719
930140
353369
843303
893988
460917
217594
455361
134075
557287
119876
249638
140283
138610
298924
993178
369583
379692
494783
903318
773195
781364
612196
353622
525955
964078
635863
412117
202123
88321
822397
486972
784159
349524
990001
369872
102847
505960
370544
737939
145786
615031
363320
722764
969629
144240
850982
294915
949922
896677
987915
499913
407875
647644
298186
852856
956634
62452
425542
408382
348213
131476
805397
23276
3879
740343
103703
116950
460413
685090
564754
624987
553045
326776
479708
271900
31176
578767
50454
361799
727295
250957
303154
279283
571894
927429
975751
296014
720519
86906
376155
605908
60389
91229
481969
748976
84301
327000
1113
578303
560828
965187
252863
493712
275947
497964
791145
90842
847948
5148
549008
281309
646629
935491
768471
1586
424557
897711
88870
953747
902848
829428
337082
845579
130649
248888
240839
327036
590827
239526
463955
939348
389440
956778
855560
541551
607115
88203
13311
386444
573086
523857
365348
878394
50139
502080
282421
187845
761459
10246
73815
461799
572624
157489
613432
179563
679219
681265
780123
426430
333277
272463
273538
651013
638907
680851
903917
47634
514645
82428
876960
200880
447380
724569
647041
555452
804279
926308
79749
901348
435217
485155
275569
552042
158990
55002
348666
152915
599645
953818
16720
501205
914100
699661
327936
370400
282780
890163
105713
436683
996987
513547
593243
299257
292530
770377
318375
296170
778888
754905
624920
616111
533855
794160
329164
402143
550722
204600
994550
244527
758300
173946
413328
660214
126439
249797
372386
785602
583911
392161
254018
870062
787673
405884
652426
712876
726404
929849
852734
656956
409574
64092
126285
351684
919400
419252
246496
580073
794507
285176
130406
143314
876210
925951
804957
503150
679668
186325
320756
400185
37125
374012
598960
940015
450451
282029
328331
751649
701367
674155
405293
353855
155836
830680
669976
102139
457071
643451
738692
986037
163625
784711
910172
113475
437801
135181
980053
683135
306907
44938
506342
393663
306251
30438
245462
634694
369442
699918
947070
139815
598269
32820
532311
370950
629698
809254
359254
184245
234910
995913
812731
538854
297134
47066
520135
222930
692932
165214
649724
985509
282257
812878
704039
361815
88379
321744
587825
612799
100830
651338
932095
133104
151939
373567
655752
611711
928233
786985
570016
165319
259285
90309
286747
168303
223533
471558
509802
873848
649716
618977
116850
79360
557906
4943
720660
548541
874710
647655
439012
287695
44269
52329
556634
353502
360953
558002
681580
747526
199437
100024
169671
959483
443613
913749
223853
643751
924533
524499
712646
250921
216193
258009
801241
38782
428627
266616
704565
717045
253127
94552
600336
951998
749773
930321
846255
290151
340638
117888
513977
961311
427224
696415
573727
794265
573966
716143
995564
998859
887689
50792
993509
428704
773348
889658
425455
968982
311209
578679
879145
170828
743765
800517
513089
161561
663941
703159
186390
164266
595240
787676
173662
125148
496941
295340
959424
66283
583575
182043
467389
9307
394078
813193
924382
46570
759132
1961
928592
940794
843896
587384
708807
390093
649072
387670
102491
226721
889868
931198
720912
861986
238437
711219
10604
128258
619749
519580
778096
397706
349312
377410
630827
673346
785258
317483
262662
274717
774030
712273
113479
738863
606427
693430
792161
952023
526193
485717
952353
929254
707775
425547
426549
997616
650822
203566
108941
62504
880194
382559
34785
476673
754892
709784
820717
66574
60887
31676
902715
749220
433794
75688
543017
40332
461965
953663
255084
983867
906846
69587
445656
160862
736233
842889
196655
1620
816617
420290
164872
210378
585891
582328
432350
254549
73830
616000
374717
948244
510687
289366
234486
990406
576179
894254
519380
590742
394644
297487
422285
429020
381718
39685
610436
462970
11571
863678
17804
705920
203647
369590
680257
647500
341926
320604
775368
373810
642323
777158
676679
582116
873454
576455
748182
310610
445523
359206
321869
962973
808142
435917
232540
170390
2265
721878
529202
456449
571571
975265
699017
340939
58854
83798
805995
885495
606520
753455
275358
763765
184036
683681
177347
130146
769336
961854
289993
261460
774729
240275
249521
462972
970463
207283
320592
560456
978073
157298
649543
698723
834303
333340
769266
737705
896677
925471
392054
177471
334277
342199
968576
567708
143128
336286
1037
644282
958826
241882
331312
73350
826522
31796
646111
535780
54423
690527
219893
511614
817336
443986
224904
279449
316710
164114
359122
380795
434084
610224
685508
261872
599574
48049
31829
119216
924828
806849
827618
19624
493491
139830
136998
928740
439798
265588
203904
280792
158684
838107
751577
952186
209609
399119
895265
901283
562481
702510
483132
905729
267183
538195
363228
10009
692103
216578
284715
75972
910191
235159
792643
530890
504504
887354
425936
833463
384573
414250
928513
494784
639144
520796
354363
538150
83638
409247
413725
878212
825780
775977
471250
64053
212002
728981
427943
506984
96152
920672
560224
489792
657449
345481
382680
625082
485492
47978
82833
768158
283883
319478
798158
880689
996497
242411
226865
182670
52997
174940
821164
120454
459989
515092
112782
369869
810849
576101
178033
81617
362009
790376
769105
397831
457336
50606
799983
636611
56719
581041
281787
152219
861100
993200
242862
239719
718684
882801
706982
714403
814968
372943
192826
150824
544430
903699
760924
184906
995153
571373
254458
623321
551561
849396
540009
766623
253834
527869
158565
650693
456818
532225
432798
658606
46166
64827
750094
714962
305954
31955
983146
351004
590784
720536
393231
919114
774682
971053
312870
140552
858086
201559
197163
962426
735869
189001
826680
319750
515422
950124
338096
353520
955719
557767
927022
473461
149274
893504
2854
845254
931272
20090
548944
588396
353850
214159
720811
261864
74197
527386
777532
305008
306822
574077
480754
174430
735088
298352
944175
828149
226404
88705
501510
697681
635805
460747
280377
705043
708641
153016
201967
598718
290976
298659
914791
188876
998908
316233
613895
738104
226448
422104
940053
871595
119357
21874
72824
609107
678857
193355
126950
979498
367886
191416
638481
716596
618541
293215
434613
244625
54496
897092
983931
386302
443015
675372
465549
787218
645371
667126
890826
656242
678478
492924
855020
611824
66066
913634
392241
783138
20851
38062
402031
820951
934588
21502
646695
211785
458850
354227
47826
498722
388132
643513
140423
12005
573127
209840
278129
358860
454445
793936
843166
341846
21450
927486
397511
533067
984329
289294
933223
883367
315206
85229
723871
846717
959302
838298
941720
201033
777278
234419
569154
520050
246369
527728
367308
912657
423980
720892
303592
962654
363251
561780
967439
571983
333968
863039
753942
944203
722416
946262
180723
893546
954649
104001
753313
311645
118669
569959
410025
202263
283829
268411
347745
892117
626312
545223
689706
172441
831713
116335
391908
614643
371446
541607
237368
506733
553936
802113
145885
716440
240309
439989
79003
267094
42000
714315
304946
241945
26762
640362
614162
410254
686277
87027
972132
302314
965012
439837
795256
882482
314524
649811
25378
466206
492950
30638
624745
90858
346674
563786
928144
524994
209558
38373
965724
823068
731805
460101
411510
956605
940275
81109
437262
36950
607063
448797
600905
866250
944446
262216
487352
659805
140802
886418
334398
770905
883164
485179
619307
778059
313221
401963
392750
587222
705825
649838
536613
287107
455967
999492
368046
397554
644708
715420
113191
166861
265893
291004
34130
687103
735867
177992
631110
699744
735250
699578
837181
253486
476051
807226
563521
245808
985434
456252
33796
543562
798623
595537
396628
883894
127619
350975
958500
126098
254118
701458
820451
421928
872123
827339
891399
468976
301426
105681
364726
222482
68882
596265
699194
404835
195885
261335
734327
840867
460501
365874
32467
2646
76084
204910
682255
427973
78408
580603
42760
712517
861816
388899
459137
386245
913118
721280
808298
937804
311235
856870
565361
106051
99929
256268
182796
942709
723567
602304
361046
690986
962181
489814
210296
384506
557366
683597
1200
244181
669241
635641
330922
430580
433827
189519
27802
757890
424534
200106
936091
427278
998949
731803
873737
644866
146927
860606
259112
28746
904443
540025
69760
946301
611838
920850
413295
5795
37581
283737
617471
653238
59790
299871
128799
802074
893863
762331
221951
284506
952954
736699
390854
728001
733010
256280
799007
76835
346837
661754
997906
89778
204150
891049
389087
494127
768633
212428
913486
235251
15759
216847
487049
554971
793057
319711
572156
346232
934309
599506
355676
318022
431251
513986
260630
512701
283289
934784
502373
884005
30319
25089
756959
797235
864147
41614
574025
563216
517052
375492
655889
629688
562783
189861
829678
242519
433227
586112
818623
532196
176050
748539
384255
204657
130582
287534
415680
366477
635690
60010
867909
904302
317653
561975
140552
302329
820862
89518
644560
755004
611292
372424
700771
459017
18482
677763
109501
241661
278135
414242
207573
949941
44491
19109
930444
854115
293230
717149
162365
913971
771212
904864
739715
968198
77267
887767
77389
625769
941142
18363
772640
843039
69949
407151
37295
952144
766285
413138
715962
896476
318414
308712
372821
534813
664068
517708
181501
233731
162058
25259
668027
601520
225450
653721
945977
806066
560051
857728
694442
173953
77255
798679
799347
101684
572345
386253
394249
44319
977258
19331
774724
146700
970892
192735
272521
950301
605929
857423
827233
687011
466816
723583
443406
708877
782462
258189
442939
198255
782840
55160
796432
116006
26208
197584
27079
314472
117862
232127
458312
961001
269839
418106
132624
603498
108127
608722
82087
363234
979085
385093
14673
357214
147737
735559
527392
82881
213724
11812
147175
866790
553184
858764
962323
516697
466842
122369
609049
366419
920821
940495
528255
468948
214472
846703
48559
366693
975903
981366
750070
587971
780395
253730
617562
527546
29241
509530
549497
532042
830298
98520
299607
357806
41409
405870
718172
213537
370992
164289
59729
368307
320519
853813
514541
55161
890443
250298
675007
976894
152653
52745
409918
310667
717616
370252
826939
649767
153601
985745
799717
864121
321750
247052
729233
726932
595609
598730
828793
697998
148734
335015
771041
652073
706387
956761
628127
777266
715379
368325
504484
566779
879172
487732
898381
872187
477015
924094
35056
354699
559670
724064
149054
347664
222146
736254
41130
964460
418310
570074
519665
150223
659764
800548
668764
686298
243337
668651
376313
166943
688581
977883
29826
463901
770371
210553
316030
615920
100862
985210
267291
492054
101040
492217
587587
112789
707875
403322
913343
116892
354271
352830
860331
968348
434542
232928
75117
677305
149962
450544
35832
639844
57484
266900
363355
161762
335642
19514
70067
450777
105290
492508
893660
389593
686257
196298
365255
554234
216858
764868
398696
263521
127619
483415
914854
943070
637477
637392
164339
227825
834106
530505
27530
150464
828297
618513
537346
625229
493302
403427
782138
147360
394489
261469
994861
73815
904790
530980
269865
365862
656205
957032
756020
894929
589150
990337
111890
895084
263002
239764
756051
347148
268498
133945
163758
3994
830185
298675
642516
66111
624477
796023
245187
305748
844648
337818
867615
745020
955728
111853
207750
441351
529095
551332
712701
42690
950688
350241
811625
785661
283717
574254
123753
23382
277842
670886
332746
135726
351178
538374
879814
181847
515425
91451
374143
635937
655785
724948
672566
765134
914844
252805
25194
942897
169659
398628
813035
250358
353657
377062
144707
216870
936129
685578
238362
321843
154475
320049
644160
906543
346396
177351
913535
232414
573638
315791
699383
776664
273878
918864
831087
986750
4726
508040
648484
679082
49170
780745
679434
614358
475289
593581
370331
573892
515034
86757
622347
577208
697334
897211
874218
601027
843193
184655
929933
248647
736119
308099
362564
684061
10887
522557
882395
983327
364821
681793
973068
561115
119010
456314
864819
155165
637323
431200
66760
22597
983975
986887
847740
22479
140667
127842
366406
254112
465060
343751
662903
452944
898076
852410
823402
398589
793039
686374
122994
454144
809793
774332
971790
531508
271890
198289
9418
287672
388585
804831
734720
570270
78664
661161
200713
580398
917788
194628
173074
615055
604849
186404
118895
712274
621977
477110
747870
35698
924075
355663
189617
870928
354100
213514
263899
50654
231425
465453
869815
502670
941578
269317
106803
924676
44660
395725
541736
883755
42478
617376
648277
931495
28758
306855
849263
422650
861101
640310
361764
746737
472458
253443
212752
393844
953871
931688
22319
946839
192346
73258
403261
870221
299954
441290
870194
770234
159757
640663
901519
765891
254414
496317
94145
644640
805638
466265
665468
229001
602822
988011
825285
156759
687098
29017
967436
699488
727244
181323
416346
450626
750147
91290
220
121751
93034
785517
349378
123119
117658
394439
968028
981303
376076
620795
969184
803935
734643
663693
207688
506379
836324
574700
485278
890176
325424
286545
148181
194626
238228
68087
833545
656511
48622
175576
670527
730214
586018
670318
93381
551802
582779
772491
486282
691393
763978
466458
142696
378012
779941
168888
13699
251128
73200
496032
777551
633757
720092
151885
233062
27352
312003
521964
571625
234279
860978
988043